00 00 00 00 00 00 00 00 00 00 00 00 00 00 00 00 00 00 00 00 00 00 00 00 00 00 00 00 00 00 00 00 00 00 00 00 00 00 00 00 00 00 00 00
2D 31 31 2D 41 41 0C 03 2D 40 00 01 00 00 00 00 1F 14 46 03 01 07 41 00 00 03 00 00 20 07 35 84 08 1E 10 02 20 24 66 92 02 00 00 00
3C 3E 3F 3C 50 50 0C 03 2D 8D 00 05 00 00 00 00 1F 14 46 03 01 07 41 00 00 03 00 00 20 07 35 84 08 1E 10 02 20 24 66 92 02 00 00 00
50 52 53 50 64 64 0C 03 2D D0 00 06 00 00 00 00 1F 14 46 03 01 07 41 00 00 03 00 00 30 47 35 86 08 1E 10 02 28 24 66 92 0A 00 00 00
27 34 2B 41 3C 32 0A 0A 2D 41 40 00 00 00 00 00 1F 14 46 03 01 0E 42 00 00 00 00 00 23 06 51 CC E4 1E 82 12 01 A4 46 92 02 00 00 00
3A 40 3A 50 50 41 0A 0A 2D 8E 40 01 00 00 00 00 1F 14 46 03 01 0E 42 00 00 00 00 00 23 06 51 CC E4 1E 82 12 01 A4 46 92 02 00 00 00
4E 54 4E 64 6D 55 0A 02 2D D1 00 03 00 00 00 00 1F 14 46 03 01 0E 42 00 00 00 00 00 33 46 71 CE E4 5E 8E 16 09 A4 46 B2 02 00 00 00
2C 30 41 2B 32 40 0B 0B 2D 42 10 00 00 00 00 00 1F 14 46 03 01 02 43 00 00 01 00 00 65 32 53 CC 40 1E C0 02 00 22 46 C2 07 00 00 00
3B 3F 50 3A 41 50 0B 0B 2D 8F 10 04 00 00 00 00 1F 14 46 03 01 02 43 00 00 01 00 00 65 32 53 CC 40 1E C0 02 00 22 46 C2 07 00 00 00
4F 53 64 4E 55 69 0B 0B 2D D2 00 0C 00 00 00 00 1F 14 46 03 01 02 43 00 00 01 00 00 75 72 53 CE 40 1E C8 02 88 A2 46 C6 0F 00 00 00
2D 1E 23 2D 14 14 06 06 FF 35 01 00 00 00 00 00 7F 0F 46 00 03 03 13 00 00 03 00 00 00 00 00 00 00 00 00 00 00 00 00 00 00 00 00 00
32 14 37 1E 19 19 06 06 78 48 20 00 00 00 00 00 7F 0F 46 00 03 03 3D 00 00 03 00 00 00 00 00 00 00 00 00 00 00 00 00 00 00 00 00 00
3C 2D 32 46 50 50 06 02 2D A0 00 06 00 00 DE 00 7F 0F 46 00 03 03 0E 00 00 08 00 00 20 46 3F B4 80 BE 14 22 28 30 56 03 00 00 00 00
28 23 1E 32 14 14 06 03 FF 34 40 00 00 00 00 00 7F 0F 46 00 03 03 13 00 00 05 00 00 00 00 00 00 00 00 00 00 00 00 00 00 00 00 00 00
2D 19 32 23 19 19 06 03 78 47 20 00 00 00 00 00 7F 0F 46 00 03 03 3D 00 00 02 00 00 00 00 00 00 00 00 00 00 00 00 00 00 00 00 00 00
41 50 28 4B 2D 50 06 03 2D 9F 08 04 00 00 F5 00 7F 0F 46 00 03 03 44 00 00 02 00 00 20 46 35 C4 88 3E 24 22 2A 24 4F 13 02 00 00 00
28 2D 28 38 23 23 00 02 FF 37 40 00 00 00 00 00 7F 0F 46 03 04 04 33 4D 5A 05 00 00 20 06 13 84 80 7E 04 02 00 20 C6 23 00 00 00 00
3F 3C 37 47 32 32 00 02 78 71 80 00 00 00 00 00 7F 0F 46 03 04 04 33 4D 00 05 00 00 20 06 13 84 80 7E 04 02 00 20 C6 23 00 00 00 00
53 50 4B 5B 46 46 00 02 2D AC C0 00 00 00 00 00 7F 0F 46 03 04 04 33 4D 00 05 00 00 20 46 13 84 80 7E 04 02 08 20 C6 23 00 00 00 00
1E 38 23 48 19 23 00 00 FF 39 40 00 00 00 C8 00 7F 0F 46 00 05 05 32 3E 78 06 00 00 20 3E D3 AD 02 3E 00 03 00 21 E6 13 02 00 00 00
37 51 3C 61 32 46 00 00 7F 74 80 00 00 00 C8 00 7F 0F 46 00 05 05 32 3E 5A 05 00 00 30 7E D3 AD 02 3E 00 03 08 25 E6 93 02 00 00 00
28 3C 1E 46 1F 1F 00 02 FF 3A 40 00 00 00 00 00 7F 0F 46 00 04 04 33 00 5A 05 00 00 20 06 13 84 80 7E 04 02 00 20 C6 23 00 00 00 00
41 5A 41 64 3D 3D 00 02 5A A2 80 00 00 00 F4 00 7F 0F 46 00 04 04 33 00 3C 05 00 00 20 46 13 84 80 7E 04 02 08 20 C6 23 00 00 00 00
23 3C 2C 37 28 36 03 03 FF 3E 04 00 00 00 00 00 7F 14 46 00 05 0E 16 3D 78 06 00 00 20 06 57 8E 48 3F 01 02 02 E0 4E 82 00 00 00 00
3C 55 45 50 41 4F 03 03 5A 93 08 00 00 00 00 00 7F 14 46 00 05 0E 16 3D 3C 06 00 00 20 46 57 8E 48 3F 01 02 0A E0 4E 82 00 00 00 00
23 37 1E 5A 32 28 0D 0D BE 52 80 00 9B 00 EC 00 7F 0A 46 00 05 06 09 00 00 02 00 00 21 82 D3 CD 02 1E 80 03 20 21 66 82 02 00 00 00
3C 5A 37 64 5A 50 0D 0D 4B 7A C0 00 00 00 9B 00 7F 0A 46 00 05 06 09 00 00 02 00 00 21 C2 D3 CD 02 3E 88 03 28 21 66 82 02 00 00 00
32 4B 55 28 14 1E 04 04 FF 5D 10 00 00 00 D9 00 7F 14 46 00 05 05 08 00 5A 02 00 00 21 06 51 CE D0 3E 80 02 01 AE 4F 92 0A 00 00 00
4B 64 6E 41 2D 37 04 04 5A A3 20 00 00 00 D9 00 7F 14 46 00 05 05 08 00 3C 02 00 00 21 46 51 CE D0 3E 88 02 49 AE 4F 92 0A 00 00 00
37 2F 34 29 28 28 03 03 EB 3B 01 00 00 00 00 00 FE 14 46 03 01 05 26 4F 5A 01 00 00 24 36 D3 8D 8A 3E 00 02 01 20 4E 92 02 00 00 00
46 3E 43 38 37 37 03 03 78 75 02 00 00 00 00 00 FE 14 46 03 0F 0F 26 4F 3C 01 00 00 24 36 D3 8D 8A 3E 00 02 01 20 4E 92 02 00 00 00
5A 52 57 4C 4B 55 03 04 2D C2 03 00 00 00 00 00 FE 14 46 03 0F 0F 26 4F 00 01 00 00 35 7E D3 EF FE 3F 88 06 C9 A8 4E D2 0B 00 00 00
2E 39 28 32 28 28 03 03 EB 3C 04 00 00 00 00 00 00 14 46 03 01 05 26 4F 5A 06 00 00 24 36 D3 8D 0A 3E 00 02 01 20 4E 92 02 00 00 00
3D 48 39 41 37 37 03 03 78 76 08 00 00 00 00 00 00 14 46 03 01 05 26 4F 3C 06 00 00 24 36 D3 8D 0A 3E 00 02 01 20 4E 92 02 00 00 00
51 5C 4D 55 55 4B 03 04 2D C3 0C 00 00 00 00 00 00 14 46 03 01 05 26 4F 00 06 00 00 35 7E D3 EF 7E 3F 88 06 C9 A8 4E D2 0B 00 00 00
46 2D 30 23 3C 41 00 00 96 44 02 00 9A 00 51 00 BF 0A 8C 04 06 06 38 62 78 09 00 00 2D B6 FB FD 27 1E 81 0B 24 39 76 82 02 00 00 00
5F 46 49 3C 55 5A 00 00 19 81 03 00 9A 00 51 00 BF 0A 8C 04 06 06 38 62 00 09 00 00 2D F6 FB FD 27 1E 89 0B 2C 39 76 82 02 00 00 00
26 29 28 41 32 41 0A 0A BE 3F 40 00 98 00 98 00 BF 14 46 00 05 05 12 00 00 05 00 00 30 06 59 8C 24 1E 02 12 02 70 46 02 00 00 00 00
49 4C 4B 64 51 64 0A 0A 4B B2 40 04 98 00 98 00 BF 14 46 00 05 05 12 00 00 02 00 00 38 46 79 8C 24 1E 02 12 0A 70 56 02 00 00 00 00
73 2D 14 14 2D 19 00 00 AA 4C 02 00 00 00 00 00 BF 0A 46 04 06 06 38 00 78 09 00 00 25 B6 BB FD 27 1E 81 0B 24 3B 76 82 00 00 00 00
8C 46 2D 2D 4B 32 00 00 32 6D 03 00 00 00 00 00 BF 0A 46 04 06 06 38 00 00 09 00 00 25 F6 BB FD 27 1E 89 0B 2C 3B 76 82 00 00 00 00
28 2D 23 37 1E 28 03 02 FF 36 40 00 00 00 00 00 7F 0F 46 00 04 04 27 00 5A 06 00 00 20 0E 17 A4 88 7F 05 02 02 20 C6 23 00 00 00 00
4B 50 46 5A 41 4B 03 02 5A AB 80 00 00 00 00 00 7F 0F 46 00 04 04 27 00 3C 06 00 00 20 4E 17 A4 88 7F 05 02 0A 20 C6 23 00 00 00 00
2D 32 37 1E 4B 41 0C 03 FF 4E 00 01 00 00 00 00 7F 14 46 03 07 07 22 00 5A 01 00 00 20 07 35 84 08 1E 10 02 20 24 66 12 00 00 00 00
3C 41 46 28 55 4B 0C 03 78 84 00 02 00 00 00 00 7F 14 46 03 07 07 22 00 3C 01 00 00 20 07 35 84 08 1E 90 0A 20 24 66 12 00 00 00 00
4B 50 55 32 64 5A 0C 03 2D B8 00 03 00 00 00 00 7F 14 46 03 07 07 22 00 00 00 00 00 20 47 35 84 08 1E 90 0A 28 24 66 12 00 00 00 00
23 46 37 19 2D 37 06 0C BE 46 04 00 56 00 57 00 7F 14 46 00 03 07 1B 57 78 00 00 00 20 07 35 CC 88 3E 30 02 20 24 67 12 02 00 00 00
3C 5F 50 1E 3C 50 06 0C 4B 80 18 00 56 00 57 00 7F 14 46 00 03 07 1B 57 5A 00 00 00 20 47 35 CC 88 3E 30 02 28 24 67 12 02 00 00 00
3C 37 32 2D 28 37 06 03 BE 4B 00 04 00 00 00 00 7F 14 46 00 03 03 0E 6E 00 06 00 00 20 06 35 94 08 BE 00 02 20 20 46 02 00 00 00 00
46 41 3C 5A 5A 4B 06 03 4B 8A 40 01 00 00 27 01 7F 14 46 00 03 03 13 6E 00 06 00 00 20 46 35 94 88 BE 14 22 28 20 46 03 00 00 00 00
0A 37 19 5F 23 2D 04 04 FF 51 40 00 00 00 ED 00 7F 14 46 00 05 05 08 47 78 05 00 00 20 06 11 8E D8 3E 00 02 01 A8 46 12 02 00 00 00
23 50 32 78 32 46 04 04 32 99 80 00 00 00 ED 00 7F 14 46 00 05 05 08 47 00 05 00 00 20 46 11 8E D8 3E 00 02 49 A8 46 12 02 00 00 00
28 2D 23 5A 28 28 00 00 FF 45 40 00 00 00 D9 00 7F 14 46 00 05 05 35 65 00 02 00 00 24 0E D3 AD 82 3F 01 02 23 70 56 13 00 00 00 00
41 46 3C 73 41 41 00 00 5A 94 80 00 00 00 D9 00 7F 14 46 00 05 05 07 65 00 02 00 00 34 4E D3 AD 82 3F 01 42 2B 70 56 13 00 00 00 00
32 34 30 37 41 32 0B 0B BE 50 00 01 00 00 00 00 7F 14 46 00 02 05 06 0D 5A 02 00 00 6D 32 53 DC 80 1E C0 02 21 30 46 C2 07 00 00 00
50 52 4E 55 5F 50 0B 0B 4B AE 00 02 00 00 00 00 7F 14 46 00 02 05 06 0D 3C 01 00 00 6D 72 53 DC 80 1E C8 02 29 30 46 C2 0F 00 00 00
28 50 23 46 23 2D 01 01 BE 4A 04 00 00 00 C1 00 7F 14 46 00 05 05 48 53 00 05 00 00 A1 0E D3 CF C0 3E 8A 02 02 A0 4E 83 0A 00 00 00
41 69 3C 5F 3C 46 01 01 4B 95 08 00 00 00 C1 00 7F 14 46 00 05 05 48 53 00 05 00 00 A1 4E D3 CF C0 3E 8A 02 4A A0 4E 83 0A 00 00 00
37 46 2D 3C 46 32 0A 0A BE 5B 04 00 98 00 98 00 3F 14 46 05 05 05 16 12 00 05 00 00 30 06 51 8C A4 3E 02 12 00 20 46 82 02 00 00 00
5A 6E 50 5F 64 50 0A 0A 4B D5 08 00 98 00 98 00 3F 14 46 05 05 05 16 12 00 05 00 00 30 46 71 8C A4 3E 02 16 08 20 46 82 0A 00 00 00
28 32 28 5A 28 28 0B 0B FF 4D 40 00 00 00 00 00 7F 14 46 03 02 02 0B 06 5A 81 00 00 64 32 13 9C 00 3E 00 02 00 20 46 42 05 00 00 00
41 41 41 5A 32 32 0B 0B 78 83 80 00 00 00 DD 00 7F 14 46 03 02 02 0B 06 3C 81 00 00 65 32 13 DE 00 3E 80 02 00 20 46 C2 07 00 00 00
5A 55 5F 46 46 5A 0B 01 2D B9 30 00 00 00 DD 00 7F 14 46 03 02 02 0B 06 00 81 00 00 E5 72 13 DE 40 3E 88 02 0A A0 4E C2 0F 00 00 00
19 14 0F 5A 69 37 0E 0E C8 4B 00 01 00 00 F8 00 3F 14 46 03 08 08 1C 27 78 05 00 00 29 8E 5B B4 03 BF 91 4B 24 31 76 0A 00 00 00 00
28 23 1E 69 78 46 0E 0E 64 91 00 02 00 00 F8 00 3F 14 46 03 08 08 1C 27 00 05 00 00 29 8E 5B B4 03 BF 91 4B 24 31 76 0A 00 00 00 00
37 32 2D 78 87 55 0E 0E 32 BA 00 03 00 00 F8 00 3F 14 46 03 08 08 1C 27 00 05 00 00 29 CE 5B B4 03 BF 99 4B 2C 31 76 0A 00 00 00 00
46 50 32 23 23 23 01 01 B4 4B 04 00 00 00 00 00 3F 14 46 03 08 08 3E 63 5A 07 00 00 A1 06 13 CE 64 3E 88 02 02 A0 4E 82 0A 00 00 00
50 64 46 2D 32 3C 01 01 5A 92 08 00 00 00 00 00 3F 14 46 03 08 08 3E 63 3C 87 00 00 A1 06 13 CE 64 3E 88 02 02 A0 4E 82 0A 00 00 00
5A 82 50 37 41 55 01 01 2D C1 0C 00 00 00 00 00 3F 14 46 03 08 08 3E 63 00 07 00 00 A1 46 13 CE 64 3E 88 02 4A A0 4E 82 0A 00 00 00
32 4B 23 28 46 1E 0C 03 FF 54 04 00 00 00 00 00 7F 14 46 03 07 07 22 00 5A 03 00 00 20 07 35 84 08 3E 10 02 20 24 66 12 00 00 00 00
41 5A 32 37 55 2D 0C 03 78 97 08 00 00 00 00 00 7F 14 46 03 07 07 22 00 3C 03 00 00 20 07 35 84 08 3E 10 02 20 24 66 12 00 00 00 00
50 69 41 46 64 3C 0C 03 2D BF 0C 00 00 00 00 00 7F 14 46 03 07 07 22 00 00 03 00 00 20 47 35 84 08 3E 10 02 28 24 66 12 00 00 00 00
28 28 23 46 32 64 0B 03 BE 69 00 04 00 00 F5 00 7F 14 46 05 09 09 1D 40 00 01 00 00 64 32 17 84 08 3E 40 02 02 24 4E 52 05 00 00 00
50 46 41 64 50 78 0B 03 3C CD 00 08 00 00 F5 00 7F 14 46 05 09 09 1D 40 00 01 00 00 64 72 17 84 08 3E 40 02 0A 24 4E 52 05 00 00 00
28 50 64 14 1E 1E 05 04 FF 49 10 00 00 00 E5 00 7F 0F 46 03 0A 0A 45 05 5A 05 00 00 21 06 11 CE 74 1E 80 82 50 AA 46 82 0A 00 00 00
37 5F 73 23 2D 2D 05 04 78 86 20 00 00 00 E5 00 7F 0F 46 03 0A 0A 45 05 3C 05 00 00 21 06 11 CE 74 1E 80 82 50 AA 46 82 0A 00 00 00
50 6E 82 2D 37 41 05 04 2D B1 30 00 00 00 E5 00 7F 0F 46 03 0A 0A 45 05 00 05 00 00 31 46 11 CE 74 1E 88 82 58 AA 46 82 0A 00 00 00
32 55 37 5A 41 41 0A 0A BE 98 40 00 00 00 BF 00 7F 14 46 00 05 05 32 12 78 02 00 00 20 06 71 84 24 1E 02 12 00 20 46 82 00 00 00 00
41 64 46 69 50 50 0A 0A 3C C0 80 00 00 00 BF 00 7F 14 46 00 05 05 32 12 00 02 00 00 20 46 71 84 24 1E 02 12 08 20 4E 82 00 00 00 00
5A 41 41 0F 28 28 0B 0E BE 63 01 00 00 00 17 01 7F 14 46 00 01 02 0C 14 3C 09 00 00 6C B6 5B BE 24 9E 40 02 24 31 76 CA 01 00 00 00
5F 4B 6E 1E 64 50 0B 0E 4B A4 20 00 00 00 DD 00 7F 14 46 00 01 02 0C 14 3C 09 00 00 6D F6 5B FE 24 9E C8 0A AC 31 76 CA 03 00 00 00
19 23 46 2D 5F 37 0D 08 BE 59 00 01 00 00 E9 00 FF 14 46 00 0A 0A 2A 05 5A 07 00 00 20 86 93 85 03 0E 00 83 24 13 46 06 00 00 00 00
32 3C 5F 46 78 46 0D 08 3C A1 00 02 00 00 E9 00 FF 14 46 00 0A 0A 2A 05 3C 07 00 00 20 C6 93 85 03 0E 00 83 2C 13 46 06 00 00 00 00
34 41 37 3C 3A 3E 00 02 2D 5E 04 00 00 00 03 01 7F 14 46 00 04 05 33 27 78 05 00 00 20 06 51 84 80 7E 24 02 00 34 CE 33 00 00 00 00
23 55 2D 4B 23 23 00 02 BE 60 04 00 00 00 F4 00 7F 14 46 00 04 04 32 30 5A 05 00 00 20 06 11 84 80 7E 04 02 00 20 C6 22 00 00 00 00
3C 6E 46 64 3C 3C 00 02 2D 9E 08 00 00 00 F4 00 7F 14 46 00 04 04 32 30 3C 05 00 00 20 4E 11 84 80 7F 04 02 0A 20 C6 22 00 00 00 00
41 2D 37 2D 2D 46 0B 0B BE 64 00 04 00 00 00 00 7F 14 46 00 02 05 2F 5D 00 08 00 00 64 32 1B 84 00 3E C0 02 00 20 46 42 05 00 00 00
5A 46 50 46 46 5F 0B 0F 4B B0 00 08 00 00 00 00 7F 14 46 00 02 05 2F 5D 00 08 00 00 64 72 1B 84 00 3E C0 02 88 20 46 42 05 00 00 00
50 50 32 19 28 32 03 03 BE 5A 01 00 00 00 5C 00 7F 14 46 00 0B 0B 01 3C 3C 06 00 00 20 0E 97 AD 6E 3F 80 82 02 A0 4E 82 00 00 00 00
69 69 4B 32 41 64 03 03 4B 9D 05 00 00 00 5C 00 7F 14 46 00 0B 0B 01 3C 3C 06 00 00 21 4E 97 ED 6E 3F 88 82 0A E0 4E 82 02 00 00 00
1E 41 64 28 2D 19 0B 0B BE 61 10 00 58 00 59 00 7F 14 46 05 09 09 4B 5C 00 06 00 00 64 32 13 84 00 1E 40 82 02 20 46 42 01 00 00 00
32 5F B4 46 55 2D 0B 0F 3C CB 20 00 58 00 59 00 7F 14 46 05 09 09 4B 5C 00 06 00 00 64 72 13 84 00 1F 40 82 8A 20 4E 42 01 00 00 00
1E 23 1E 50 64 23 07 03 BE 5F 00 01 00 00 00 00 7F 14 46 03 0B 0B 1A 00 78 06 00 00 20 0E 97 B4 08 BF 11 D2 02 70 56 0A 00 00 00 00
2D 32 2D 5F 73 37 07 03 5A 7E 00 02 00 00 00 00 7F 14 46 03 0B 0B 1A 00 5A 06 00 00 20 0E 97 B4 08 BF 91 D2 03 70 5E 0A 00 00 00 00
3C 41 3C 6E 82 4B 07 03 2D BE 00 03 00 00 00 00 7F 14 46 03 0B 0B 1A 00 00 06 00 00 21 4E 97 F5 08 BF 99 DA 0B 70 5E 8A 02 00 00 00
23 2D A0 46 1E 2D 05 04 2D 6C 10 00 00 00 00 00 7F 19 46 00 0A 0A 45 05 3C 07 00 00 30 0E 51 8E 50 1F 00 86 52 BA 46 86 0A 00 00 00
3C 30 2D 2A 2B 5A 0E 0E BE 66 00 04 00 00 00 00 7F 14 46 00 08 08 0F 6C 5A 02 00 00 29 8E 1B F4 01 BF 81 0A 24 31 76 0A 00 00 00 00
55 49 46 43 49 73 0E 0E 4B A5 00 08 00 00 00 00 7F 14 46 00 08 08 0F 6C 3C 02 00 00 29 CE 1B F4 01 BF 89 0A 2C 31 76 0A 00 00 00 00
1E 69 5A 32 19 19 0B 0B E1 73 04 00 00 00 00 00 7F 14 46 00 09 09 34 4B 5A 00 00 00 64 32 13 CC 40 3E E0 02 00 A4 47 D2 03 00 00 00
37 82 73 4B 32 32 0B 0B 3C CE 08 00 00 00 00 00 7F 14 46 00 09 09 34 4B 3C 80 00 00 64 72 13 CC 40 3E E0 02 08 A4 47 D2 03 00 00 00
28 1E 32 64 37 37 0D 0D BE 67 40 00 00 00 00 00 FF 14 46 00 0A 0A 2B 09 78 00 00 00 20 8A 93 85 02 2F 00 83 20 03 46 02 00 00 00 00
3C 32 46 8C 50 50 0D 0D 3C 96 80 00 00 00 00 00 FF 14 46 00 0A 0A 2B 09 00 00 00 00 20 CA 93 85 02 2F 00 83 28 03 46 02 00 00 00 00
3C 28 50 28 3C 2D 0C 0E 5A 62 10 00 00 00 00 00 7F 14 46 05 07 07 22 00 78 09 00 00 20 87 35 94 09 BE 10 82 20 34 76 8A 00 00 00 00
5F 5F 55 37 7D 41 0C 0E 2D D4 00 02 00 00 00 00 7F 14 46 05 07 07 22 00 00 02 00 00 20 C7 35 94 09 BE 10 82 28 34 76 8A 00 00 00 00
32 32 5F 23 28 32 04 04 BE 57 10 00 00 00 02 01 7F 14 46 00 01 01 45 1F 5A 05 00 00 21 36 51 CE F4 3E A0 02 00 AC 46 82 0A 00 00 00
3C 50 6E 2D 32 50 04 04 4B 7C 20 00 00 00 02 01 7F 14 46 00 01 01 45 1F 3C 05 00 00 21 76 51 CE F4 3E A8 02 48 AC 46 82 0A 00 00 00
32 78 35 57 23 6E 01 01 2D 8B 08 00 00 00 00 00 00 19 46 00 08 08 07 78 00 05 00 00 A1 06 13 C6 40 3E 88 02 40 A0 4E 82 0A 00 00 00
32 69 4F 4C 23 6E 01 01 2D 8C 00 08 00 00 00 00 00 19 46 00 08 08 33 59 00 05 00 00 A1 06 13 C6 40 3E 88 0A 40 A0 46 82 0A 00 00 00
5A 37 4B 1E 3C 4B 00 00 2D 7F 02 00 00 00 17 01 7F 14 46 00 01 01 14 0C 3C 09 00 00 25 76 F3 EF 76 3E 80 02 08 B4 56 D2 0B 00 00 00
28 41 5F 23 3C 2D 03 03 BE 72 10 00 00 00 E4 00 7F 14 46 00 0B 0B 1A 00 5A 06 00 00 20 0E 93 A5 2E 3F 00 92 22 62 46 02 00 00 00 00
41 5A 78 3C 55 46 03 03 3C AD 20 00 00 00 E4 00 7F 14 46 00 0B 0B 1A 00 3C 06 00 00 20 4E 93 A5 2E 3F 00 92 2A 62 46 02 00 00 00 00
50 55 5F 19 1E 1E 04 05 78 87 10 00 00 00 00 00 7F 14 46 05 01 05 1F 45 5A 07 00 00 30 36 D3 8F 76 3E 00 06 52 AC 4E 82 0A 00 00 00
69 82 78 28 2D 2D 04 05 3C CC 08 00 00 00 00 00 7F 14 46 05 01 05 1F 45 3C 07 00 00 31 76 D3 CF 76 3E 88 06 DB AC 4E D2 0B 00 00 00
FA 05 05 32 23 69 00 00 1E FF 02 00 6E 00 E7 00 FE 28 8C 04 06 06 1E 20 5A 09 00 00 6D F6 FB F7 76 9E 81 0B 2C B9 76 82 0A 00 00 00
41 37 73 3C 64 28 0C 0C 2D A6 10 00 00 00 00 00 7F 14 46 00 07 07 22 66 5A 01 00 00 20 47 35 84 0B 3E 10 02 28 34 66 12 02 00 00 00
69 5F 50 5A 28 50 00 00 2D AF 02 00 00 00 00 00 FE 14 46 00 01 01 30 71 96 05 00 00 75 76 F3 EF F6 3E 88 0A 89 A0 46 D2 0B 00 00 00
1E 28 46 3C 46 19 0B 0B E1 53 00 01 00 00 EB 00 7F 14 46 00 02 0E 21 61 00 01 00 00 64 32 13 84 00 1E 40 06 00 20 46 46 05 00 00 00
37 41 5F 55 5F 2D 0B 0B 4B 9B 10 01 00 00 EB 00 7F 14 46 00 02 0E 26 61 00 01 00 00 64 72 13 84 00 1E 40 06 08 20 46 46 05 00 00 00
2D 43 3C 3F 23 32 0B 0B E1 6F 04 00 00 00 00 00 7F 14 46 00 0C 0C 21 29 5A 00 00 00 64 32 13 84 00 1E 00 02 00 20 4E 42 05 00 00 00
50 5C 41 44 41 50 0B 0B 3C AA 08 00 00 00 00 00 7F 14 46 00 0C 0C 21 29 3C 00 00 00 64 72 13 84 00 1E 00 02 08 20 4E 42 05 00 00 00
1E 2D 37 55 46 37 0B 0B E1 6A 40 00 5A 00 5B 00 FF 14 46 05 09 09 23 1E 00 85 00 00 64 B2 93 95 01 0E 40 02 24 13 46 46 05 00 00 00
3C 4B 55 73 64 55 0B 0E 3C CF 80 00 5A 00 5B 00 FF 14 46 05 09 09 23 1E 00 06 00 00 64 F2 93 95 01 8E 40 02 AC 13 76 4E 05 00 00 00
28 2D 41 5A 64 78 0E 0E 2D 88 00 08 00 00 9A 00 7F 19 46 00 08 08 2B 6F 5A 09 00 00 29 CE BB F5 83 BF 99 0B 2E 31 76 0A 00 00 00 00
46 6E 50 69 37 50 06 02 2D BB 04 00 00 00 00 00 7F 19 46 00 03 03 44 65 00 03 00 00 20 46 13 C4 80 7E 24 22 08 24 47 13 02 00 00 00
41 32 23 5F 73 5F 0F 0E 2D 89 00 02 99 00 99 00 FE 19 46 00 08 08 0C 6C 00 00 00 00 6D FA 13 F4 01 BF 98 0A AE 30 76 0A 00 00 00 00
41 53 39 69 5F 55 0D 0D 2D 9C 80 00 00 00 00 00 3F 19 46 00 08 08 09 00 78 82 00 00 21 C2 D3 D5 02 3E 88 03 28 21 46 82 0A 00 00 00
41 5F 39 5D 64 55 0A 0A 2D A7 00 02 00 00 00 00 3F 19 46 00 08 08 31 00 5A 00 00 00 21 46 51 D4 24 3E 8A 12 08 20 46 82 0A 00 00 00
41 7D 64 55 37 46 06 06 2D C8 08 00 00 00 00 00 7F 19 46 05 03 03 34 68 00 05 00 00 A1 46 13 CE 40 3E A8 02 48 AC 47 92 0A 00 00 00
4B 64 5F 6E 28 46 00 00 2D D3 44 00 00 00 00 00 00 14 46 05 05 05 16 53 5A 05 00 00 24 76 F3 87 76 1E 00 02 4A A0 46 C2 0B 00 00 00
14 0A 37 50 0F 14 0B 0B FF 14 40 00 00 00 00 00 7F 05 46 05 0C 0E 21 00 5A 00 00 00 00 00 00 00 00 00 00 00 00 00 00 00 00 00 00 00
5F 7D 4F 51 3C 64 0B 02 2D D6 08 00 00 00 00 00 7F 05 46 05 0C 0E 16 00 3C 01 00 00 74 7A 93 87 34 1F 40 06 CA 61 46 C2 07 00 00 00
82 55 50 3C 55 5F 0B 0F 2D DB 02 00 00 00 00 00 7F 28 46 05 01 02 0B 4B 3C 01 00 00 74 72 DB 95 02 1E 40 06 88 20 56 C2 07 00 00 00
30 30 30 30 30 30 00 00 23 3D 01 00 12 01 01 01 FF 14 46 00 0D 0D 07 00 5A 06 00 00 00 00 00 00 00 00 00 00 00 00 00 00 00 00 00 00
37 37 32 37 2D 41 00 00 2D 5C 00 04 00 00 00 00 1F 23 46 00 05 05 32 5B 00 05 00 00 20 06 53 AC 00 1E 00 02 00 20 46 02 00 00 00 00
82 41 3C 41 6E 5F 0B 0B 2D C4 02 00 00 00 00 00 1F 23 46 00 05 05 0B 0B 00 01 00 00 74 76 53 AC 00 1E 40 02 08 20 46 C2 07 00 00 00
41 41 3C 82 6E 5F 0D 0D 2D C5 80 00 00 00 00 00 1F 23 46 00 05 05 0A 0A 00 02 00 00 30 C6 D3 AD 02 1E 00 03 28 21 46 82 02 00 00 00
41 82 3C 41 5F 6E 0A 0A 2D C6 08 00 00 00 00 00 1F 23 46 00 05 05 12 12 00 00 00 00 30 46 53 AC 24 1E 02 12 08 20 46 82 02 00 00 00
41 3C 46 28 55 4B 00 00 2D 82 00 01 00 00 00 00 FF 14 46 00 0A 0A 24 58 00 09 00 00 20 76 F3 B5 82 2E 00 03 2C 11 56 0A 00 00 00 00
23 28 64 23 5A 37 05 0B 2D 63 10 00 00 00 00 00 1F 1E 46 00 02 09 21 4B 00 01 00 00 64 32 13 84 50 3E 40 02 10 AA 46 42 07 00 00 00
46 3C 7D 37 73 46 05 0B 2D C7 20 00 00 00 00 00 1F 1E 46 00 02 09 21 4B 00 01 00 00 64 72 13 84 50 3E 40 02 58 AA 46 42 0F 00 00 00
1E 50 5A 37 37 2D 05 0B 2D 63 10 00 00 00 00 00 1F 1E 46 00 02 09 21 04 00 05 00 00 64 32 17 8C 50 3E 40 02 10 A8 46 42 07 00 00 00
3C 73 69 50 41 46 05 0B 2D C7 08 00 00 00 00 00 1F 1E 46 00 02 09 21 04 00 05 00 00 64 72 17 CC D0 3E 40 02 58 AC 47 52 0F 00 00 00
50 69 41 82 3C 4B 05 02 2D CA 80 00 00 00 00 00 1F 23 46 05 04 04 45 2E 00 06 00 00 32 4E 53 86 F4 7F 04 06 5A A8 46 A2 02 00 00 00
A0 6E 41 1E 41 6E 00 00 19 9A 02 00 EA 00 EA 00 1F 28 46 05 01 01 11 2F 00 04 00 00 25 76 B3 F7 76 1E 88 02 0C A0 46 C2 0B 00 00 00
5A 55 64 55 5F 7D 0F 02 03 D7 00 0C 00 00 00 00 FF 50 23 05 0F 0F 2E 00 00 01 00 00 74 76 13 84 91 4E 04 02 88 00 C6 23 02 00 00 00
5A 5A 55 64 7D 5A 0D 02 03 D8 00 03 00 00 00 00 FF 50 23 05 0F 0F 2E 00 00 02 00 00 30 C6 93 85 92 4E 04 03 28 01 C6 23 02 00 00 00
5A 64 5A 5A 7D 55 0A 02 03 D9 00 03 00 00 00 00 FF 50 23 05 0F 0F 2E 00 00 02 00 00 30 46 3B 84 B4 4E 06 12 08 00 C6 23 02 00 00 00
29 40 2D 32 32 32 10 10 2D 43 04 00 00 00 EB 00 7F 28 23 05 02 0E 3D 00 78 01 00 00 64 76 DB 85 26 1E 00 06 00 21 46 42 05 00 00 00
3D 54 41 46 46 46 10 10 2D 90 08 00 00 00 EB 00 7F 28 23 05 02 0E 3D 00 5A 01 00 00 64 76 DB 85 26 1E 00 06 00 21 46 42 05 00 00 00
5B 86 5F 50 64 64 10 02 2D DA 0C 00 00 00 EB 00 7F 28 23 05 02 0E 27 00 00 05 00 00 77 76 DB C7 F6 5E 8C 06 48 A1 46 F2 07 00 00 00
6A 6E 5A 82 9A 5A 0E 0E 03 DC 00 03 00 00 00 00 FF 78 00 05 0F 0F 2E 00 00 06 00 00 ED FE FB F7 F7 8F 99 5B EC 91 7E 8A 0A 00 00 00
64 64 64 64 64 64 0E 0E 2D 40 03 00 9D 00 9D 00 FF 78 64 03 0F 0F 1C 00 00 09 00 00 FF FF FF FF FF FF FF FF FF FF FF FF 0F 00 00 00
2D 31 41 2D 31 41 0C 0C 2D 40 00 04 00 00 00 00 1F 14 46 03 01 07 41 00 00 03 00 00 20 87 7D 84 01 1E 10 02 20 24 66 12 00 00 00 00
3C 3E 50 3C 3F 50 0C 0C 2D 8D 10 04 00 00 00 00 1F 14 46 03 01 07 41 00 00 03 00 00 20 87 7D 84 01 1E 10 02 20 24 66 92 02 00 00 00
50 52 64 50 53 64 0C 0C 2D D0 10 08 00 00 00 00 1F 14 46 03 01 07 41 00 00 03 00 00 20 C7 7D 86 01 1E 10 02 28 24 66 92 0A 00 00 00
27 34 2B 41 3C 32 0A 0A 2D 41 40 00 00 00 00 00 1F 14 46 03 05 05 42 00 00 02 00 00 20 06 11 8C A4 1E 02 12 00 20 46 12 00 00 00 00
3A 40 3A 50 50 41 0A 0A 2D 8E 40 01 00 00 00 00 1F 14 46 03 05 05 42 00 00 02 00 00 31 06 11 CC A4 1E 02 12 00 20 46 92 02 00 00 00
4E 54 4E 64 6D 55 0A 0A 2D D1 00 03 00 00 00 00 1F 14 46 03 05 05 42 00 00 02 00 00 31 46 31 CE E4 1E 8A 12 09 A2 46 92 0A 00 00 00
32 41 40 2B 2C 30 0B 0B 2D 42 04 00 00 00 00 00 1F 14 46 03 01 02 43 00 00 01 00 00 65 32 53 CC C0 1E 80 02 01 A4 46 52 05 00 00 00
41 50 50 3A 3B 3F 0B 0B 2D 8F 14 00 00 00 00 00 1F 14 46 03 01 02 43 00 00 81 00 00 75 32 53 CC C0 1E 80 02 01 A4 46 D2 07 00 00 00
55 69 64 4E 4F 53 0B 0B 2D D2 18 00 00 00 00 00 1F 14 46 03 01 02 43 00 00 01 00 00 77 72 53 CE C0 1E 88 06 89 A4 46 D2 0F 00 00 00
23 2E 22 14 23 2D 00 00 FF 39 04 00 00 00 9B 00 7F 0F 46 00 05 05 32 33 78 05 00 00 25 16 F3 EC 06 3E 80 03 01 20 66 53 01 00 00 00
55 4C 40 5A 2D 37 00 00 5A 74 80 00 9B 00 9E 00 7F 0F 46 00 05 05 32 33 5A 05 00 00 25 76 F3 ED 06 3E 88 03 09 20 66 D3 03 00 00 00
3C 1E 1E 32 24 38 00 02 FF 3A 01 00 00 00 00 00 7F 0F 46 00 04 04 0F 33 5A 05 00 00 20 06 13 B4 81 7E 04 22 04 30 D6 22 00 00 00 00
64 32 32 46 4C 60 00 02 5A A2 02 00 00 00 00 00 7F 0F 46 00 04 04 0F 33 3C 05 00 00 20 46 13 B4 81 7E 04 22 0C 30 D6 22 00 00 00 00
28 14 1E 37 28 50 06 02 FF 36 00 04 00 00 00 00 7F 0F 46 04 03 03 44 30 00 00 00 00 21 86 3D CC 81 3E 84 2A 20 24 46 03 00 00 00 00
37 23 32 55 37 6E 06 02 5A 86 00 08 00 00 00 00 7F 0F 46 04 03 03 44 30 00 00 00 00 21 C6 3D CC 81 3E 8C 2A 28 24 46 83 02 00 00 00
28 3C 28 1E 28 28 06 03 FF 36 04 00 00 00 00 00 7F 0F 46 04 03 03 44 0F 00 03 00 00 20 06 35 9C 08 3E 00 02 20 20 4E 02 00 00 00 00
46 5A 46 28 3C 3C 06 03 5A 86 08 00 00 00 00 00 7F 0F 46 04 03 03 44 0F 00 00 00 00 20 46 35 9C 08 3E 00 02 28 20 4E 02 00 00 00 00
55 5A 50 82 46 50 03 02 5A CC C0 00 00 00 00 00 7F 0F 46 00 04 04 27 00 00 06 00 00 20 4E 17 A4 88 7F 05 02 0A 60 C7 23 00 00 00 00
4B 26 26 43 38 38 0B 0D BE 5A 01 00 00 00 E3 00 7F 14 46 05 0C 0C 0A 23 00 01 00 00 64 32 93 85 02 1E 40 03 20 21 46 42 05 00 00 00
7D 3A 3A 43 4C 4C 0B 0D 4B 9C 02 00 00 00 E3 00 7F 14 46 05 0C 0C 0A 23 00 01 00 00 64 72 93 85 02 1E 40 03 28 21 46 42 05 00 00 00
14 28 0F 3C 23 23 0D 0D BE 2A 40 00 00 00 9B 00 7F 0A 46 00 0F 0F 09 00 00 82 00 00 20 82 D3 85 02 1E 80 03 20 21 66 02 00 00 00 00
32 19 1C 0F 2D 37 00 00 96 25 00 04 9A 00 51 00 BF 0A 8C 04 0F 0F 38 62 00 09 00 00 24 86 7B BC 27 1E 80 02 24 31 76 02 00 00 00 00
5A 1E 0F 0F 28 14 00 00 AA 27 01 00 00 00 00 00 BF 0A 46 04 0F 0F 38 00 00 89 00 00 24 86 3B BC 27 1E 80 02 24 31 76 02 00 00 00 00
23 14 41 14 28 41 00 00 BE 4A 00 04 00 00 00 00 1F 0A 46 04 0F 0F 37 20 00 08 00 00 24 86 3B B4 27 1E 80 02 20 31 76 02 02 00 00 00
37 28 55 28 50 69 00 02 4B 72 00 08 00 00 00 00 1F 0A 46 04 04 06 37 20 00 08 00 00 25 C6 3B F4 A7 5E 84 2A 28 31 76 22 02 00 00 00
28 32 2D 46 46 2D 0E 02 BE 49 00 01 00 00 00 00 7F 14 46 00 04 04 1C 30 00 03 00 00 28 86 37 B4 81 FE 04 22 20 31 F6 0B 00 00 00 00
41 4B 46 5F 5F 46 0E 02 4B AB 40 01 00 00 00 00 7F 14 46 00 04 04 1C 30 00 03 00 00 28 C6 37 B4 81 FE 04 22 28 31 F6 2B 00 00 00 00
37 28 28 23 41 2D 0D 0D EB 3B 00 01 00 00 00 00 7F 14 46 03 01 05 09 00 3C 08 00 00 20 82 D3 85 02 1E 00 03 20 21 46 02 00 00 00 00
46 37 37 2D 50 3C 0D 0D 78 75 00 02 00 00 00 00 7F 14 46 03 01 05 09 00 00 09 00 00 21 82 D3 C5 02 1E 80 03 20 21 46 82 02 00 00 00
5A 4B 4B 37 73 5A 0D 0D 2D C2 00 03 00 00 00 00 7F 14 46 03 01 05 09 00 00 02 00 00 21 C2 D3 C5 02 1E 88 03 28 21 46 82 0A 00 00 00
4B 50 55 32 5A 64 0C 0C 2D B8 00 0C 00 00 00 00 7F 14 46 03 07 07 22 00 00 03 00 00 20 47 3D 84 08 1E 90 0A 28 24 66 12 00 00 00 00
46 14 32 28 14 32 0B 0B BE 3A 02 00 00 00 00 00 7F 0A 46 04 02 06 2F 25 3C 01 00 00 65 32 53 CC 00 1E 80 02 00 20 66 C2 07 00 00 00
64 32 50 32 32 50 0B 0B 4B 99 03 00 00 00 00 00 7F 0A 46 04 02 06 2F 25 00 01 00 00 65 72 53 CC 00 1E 88 02 08 20 66 C2 07 00 00 00
46 64 73 1E 1E 41 05 05 41 87 20 00 00 00 00 00 7F 14 46 00 0A 0A 05 45 00 05 00 00 29 0E 11 CE 50 3F 80 82 50 B8 46 82 02 00 00 00
5A 4B 4B 46 5A 64 0B 0B 2D B9 00 0C 00 00 DD 00 7F 14 46 03 02 02 0B 06 00 83 00 00 65 72 13 DE 00 3E 88 02 0A 20 46 C2 07 00 00 00
23 23 28 32 23 37 0C 02 FF 4A 00 04 00 00 00 00 7F 14 46 03 06 07 22 66 5A 09 00 00 20 07 35 84 80 1E 10 22 20 24 66 03 00 00 00 00
37 2D 32 50 2D 41 0C 02 78 88 80 00 00 00 00 00 7F 14 46 03 06 07 22 66 5A 03 00 00 20 07 35 84 80 1E 10 22 20 24 66 03 00 00 00 00
4B 37 46 6E 37 55 0C 02 2D B0 C0 00 00 00 00 00 7F 14 46 03 06 07 22 66 78 01 00 00 20 47 35 84 80 1E 10 22 28 24 66 03 00 00 00 00
37 46 37 55 28 37 00 00 2D 5E 40 00 00 00 00 00 7F 14 46 04 05 05 32 35 00 06 00 00 25 0E F3 ED 82 3E 81 02 03 21 76 93 02 00 00 00
1E 1E 1E 1E 1E 1E 0C 0C EB 34 00 01 00 00 C0 00 7F 14 46 03 07 07 22 5E 5A 02 00 00 20 87 3D 84 08 1E 10 02 20 24 66 12 00 00 00 00
4B 4B 37 1E 69 55 0C 0C 78 92 00 02 00 00 00 00 7F 14 46 03 07 07 22 5E 00 02 00 00 20 C7 3D 84 08 1E 10 02 28 24 66 12 00 00 00 00
41 41 2D 5F 4B 2D 06 02 4B 93 40 00 00 00 09 01 7F 14 46 00 03 03 03 0E 78 00 00 00 20 06 35 B4 80 7E 04 22 20 20 56 03 00 00 00 00
37 2D 2D 0F 19 19 0B 04 FF 34 01 00 00 00 00 00 7F 14 46 00 02 05 06 0B 78 01 00 00 64 32 53 8E 18 1E 00 02 20 20 46 42 07 00 00 00
5F 55 55 23 41 41 0B 04 5A 89 02 00 00 00 00 00 7F 14 46 00 02 05 06 0B 3C 01 00 00 65 72 53 CE 58 1E 88 02 68 A0 46 C2 07 00 00 00
41 41 3C 6E 82 5F 0E 0E 2D C5 00 02 00 00 00 00 1F 23 46 00 05 05 1C 1C 00 06 00 00 28 C6 53 BC 01 9E 00 02 28 30 76 1A 00 00 00 00
5F 41 6E 41 3C 82 11 11 2D C5 00 08 00 00 00 00 1F 23 23 00 05 05 1C 1C 00 04 00 00 20 4E 53 BC 00 1F 01 02 2A 70 56 12 00 00 00 00
3C 55 2A 5B 55 2A 11 02 1E 6B 40 00 00 00 00 00 7F 14 23 03 04 04 0F 69 78 04 00 00 28 0E 13 B4 80 7F 05 42 02 71 D6 22 00 00 00 00
5F 4B 50 1E 64 6E 0B 0E 46 A4 00 0C 00 00 DD 00 7F 14 46 00 01 02 0C 14 00 09 00 00 6D F6 5B FE 24 9E C8 0A AC 31 76 CA 03 00 00 00
3C 3C 3C 55 55 55 07 07 2D 93 00 04 00 00 00 00 7F 19 23 04 0B 0B 1A 00 78 07 00 00 28 0E 93 B5 82 BF 01 53 22 71 56 0A 00 00 00 00
30 48 30 30 48 30 0E 0E E1 3D 04 01 00 00 00 00 FF 28 46 00 0F 0F 1A 00 00 84 00 00 00 00 00 00 00 00 00 00 00 00 00 00 00 00 00 00
BE 21 3A 21 21 3A 0E 0E 2D B1 02 00 00 00 00 00 7F 14 46 00 0B 0B 17 00 3C 01 00 00 00 00 00 00 00 00 00 00 00 00 00 00 00 00 00 00
46 50 41 55 5A 41 00 0E 3C 95 00 02 00 00 9C 00 7F 14 46 00 05 05 27 30 3C 02 00 00 28 86 D3 B7 03 BE 10 03 24 31 76 8A 02 00 00 00
32 41 5A 0F 23 23 06 06 BE 3C 10 00 00 00 00 00 7F 14 46 00 03 03 05 00 00 07 00 00 20 86 35 8E 51 1E 00 82 02 AA 46 82 02 00 00 00
4B 5A 8C 28 3C 3C 06 08 4B 76 20 00 00 00 00 00 7F 14 46 00 03 03 05 00 00 06 00 00 20 C6 35 8E 51 1E 00 82 1A AA 46 86 02 00 00 00
64 46 46 2D 41 41 00 00 BE 7D 01 00 00 00 00 00 7F 14 46 00 05 05 20 32 00 02 00 00 2C 36 F3 AF 66 3E 04 03 00 BB 5E 82 02 00 00 00
41 4B 69 55 23 41 04 02 3C 6C 10 00 00 00 00 00 7F 14 46 03 03 03 34 08 00 06 00 00 20 0E 53 CE D8 7F A4 02 52 EC 4F 93 02 00 00 00
4B 55 C8 1E 37 41 08 04 19 C4 20 00 00 00 E9 00 7F 19 46 00 0A 0A 45 05 00 07 00 00 30 4E 51 8E 50 1F 00 86 5A FA 46 96 0A 00 00 00
3C 50 32 1E 28 28 00 00 BE 3F 04 00 00 00 00 00 BF 14 46 04 05 06 16 32 00 09 00 00 B5 0E B3 EF 2E 3F 82 02 02 21 46 82 02 00 00 00
5A 78 4B 2D 3C 3C 00 00 4B B2 08 00 00 00 00 00 BF 14 46 04 05 06 16 5F 00 06 00 00 B5 4E F3 EF 6E 3F 8A 02 4A A1 46 82 0A 00 00 00
41 5F 4B 55 37 37 0B 03 2D 64 04 00 00 00 F5 00 7F 14 46 00 0C 0C 26 21 00 07 00 00 64 3A 13 A4 0A 1E 40 82 02 23 4E 42 05 00 00 00
46 82 64 41 37 50 06 08 19 C8 08 00 00 00 00 00 7F 19 46 00 03 03 44 65 00 00 00 00 20 46 13 C4 90 7E A4 22 08 24 47 97 02 00 00 00
14 0A E6 05 0A E6 06 05 BE 50 10 04 2B 00 2B 00 7F 14 46 03 03 03 05 52 3C 02 00 00 20 06 19 8E 58 1E 00 02 70 AA 46 82 02 00 00 00
50 7D 4B 55 28 5F 06 01 2D C8 08 00 00 00 00 00 7F 19 46 05 03 03 44 3E 00 01 00 00 A1 46 13 CE C0 3E 88 02 49 A4 46 92 02 00 00 00
37 5F 37 73 23 4B 11 0F 3C 84 40 00 1E 01 D9 00 7F 14 23 03 05 05 27 33 00 84 00 00 69 3E 53 EC 80 3F A1 42 83 74 5F D2 03 00 00 00
3C 50 32 28 32 32 00 00 78 7C 04 00 00 00 00 00 7F 14 46 00 05 05 35 5F 00 85 00 00 B1 0E 13 CE C0 3F 80 02 03 A4 46 92 02 00 00 00
5A 82 4B 37 4B 4B 00 00 3C BD 08 00 00 00 00 00 7F 14 46 00 05 05 3E 5F 00 05 00 00 B1 4E 13 CE C0 3F 88 02 CB A4 46 92 0A 00 00 00
28 28 28 14 46 28 0A 0A BE 4E 00 01 00 00 00 00 7F 14 46 00 0B 0B 28 31 00 00 00 00 20 86 11 84 65 1E 02 12 00 A0 46 02 02 00 00 00
32 32 78 1E 50 50 0A 05 4B 9A 20 00 00 00 00 00 7F 14 46 00 0B 0B 28 31 00 00 00 00 20 C6 31 86 75 1E 02 92 58 AA 46 82 02 00 00 00
32 32 28 32 1E 1E 0F 04 E1 4E 04 00 00 00 00 00 7F 14 46 05 05 05 0C 51 00 05 00 00 70 B2 13 8E 51 1E 00 02 00 A8 46 82 02 00 00 00
64 64 50 32 3C 3C 0F 04 4B A0 05 00 00 00 00 00 7F 14 46 05 05 05 0C 51 00 05 00 00 70 F2 13 8E 51 1E 00 02 C8 A8 46 82 02 00 00 00
37 37 55 23 41 55 0B 05 3C 71 10 04 00 00 EE 00 BF 14 46 04 02 09 37 1E 00 09 00 00 6C B6 1B BE 51 1E 40 82 50 A8 46 C2 03 00 00 00
23 41 23 41 41 23 0B 0B BE 4E 00 01 00 00 00 00 7F 14 46 00 02 0C 37 61 00 07 00 00 24 77 13 94 24 3E 40 03 00 21 46 42 05 00 00 00
4B 69 4B 2D 69 4B 0B 0B 4B A4 04 01 00 00 00 00 7F 14 46 00 02 0C 15 61 00 00 00 00 24 77 13 94 2C 3E 50 03 0A 21 46 46 05 00 00 00
2D 37 2D 4B 41 2D 0F 02 2D B7 40 00 00 00 00 00 7F 14 46 04 02 05 48 37 00 00 00 00 65 32 13 C4 80 3E 80 02 84 20 C6 22 00 00 00 00
41 28 46 46 50 8C 0B 02 19 A8 00 08 00 00 00 00 7F 19 46 05 02 02 21 0B 00 06 00 00 64 73 13 86 C0 1E 40 02 08 A0 46 42 05 00 00 00
41 50 8C 46 28 46 08 02 19 A8 20 00 00 00 00 00 7F 19 46 05 04 04 33 05 00 07 00 00 30 0E 11 84 D0 7F 04 02 22 EC C7 36 02 00 00 00
2D 3C 1E 41 50 32 11 0A 78 72 00 01 00 00 00 00 7F 14 23 05 05 05 30 12 78 04 00 00 30 0E 71 A4 2C 3F 03 52 02 60 56 02 02 00 00 00
4B 5A 32 5F 6E 50 11 0A 2D CC 00 02 00 00 00 00 7F 14 23 05 05 05 30 12 5A 04 00 00 30 4E 71 A4 2C 3F 03 52 0A 60 56 82 02 00 00 00
4B 5F 5F 55 5F 5F 0B 10 2D CF 04 05 00 00 EB 00 7F 14 46 00 02 0E 21 61 00 01 00 00 64 72 13 84 00 1E 40 06 08 20 46 46 05 00 00 00
5A 3C 3C 28 28 28 04 04 78 7C 01 00 00 00 B9 00 7F 14 46 00 05 05 35 00 00 01 00 00 30 06 51 86 50 1E 00 02 00 A8 46 82 02 00 00 00
5A 78 78 32 3C 3C 04 04 3C BD 14 00 00 00 B9 00 7F 14 46 00 05 05 05 00 00 07 00 00 30 46 51 86 50 1E 00 02 58 AA 4E 82 02 00 00 00
55 50 5A 3C 69 5F 00 00 2D B4 00 02 00 00 00 00 FF 14 46 00 0A 0A 24 58 00 00 00 00 20 76 F3 B5 82 2E 00 03 2C 11 56 0A 00 00 00 00
49 5F 3E 55 55 41 00 00 2D A5 04 00 00 00 00 00 7F 14 46 05 05 05 16 77 3C 05 00 00 38 86 F3 B7 03 BE 10 03 28 31 56 0A 00 00 00 00
37 14 23 4B 14 2D 00 00 2D 6A 40 00 00 00 00 00 7F 14 46 04 05 05 14 65 3C 08 00 00 00 00 00 00 00 00 00 00 00 00 00 00 00 00 00 00
23 23 23 23 23 23 01 01 4B 5B 04 00 00 00 00 00 00 19 46 00 0F 0F 3E 50 00 06 00 00 A0 06 13 C6 00 3E 00 02 00 A0 46 82 02 00 00 00
32 5F 5F 46 23 6E 01 01 2D 8A 00 08 00 00 00 00 00 19 46 00 08 08 16 65 00 05 00 00 A0 06 13 CE 90 3E 00 02 40 A2 46 82 02 00 00 00
2D 1E 0F 41 55 41 0F 0E 2D 57 00 01 99 00 99 00 FE 19 46 00 0F 0F 0C 6C 00 09 00 00 6C B2 13 B4 01 BE 80 02 A6 30 76 0A 00 00 00 00
2D 3F 25 5F 41 37 0D 0D 2D 6A 40 00 00 00 00 00 3F 19 46 00 0F 0F 09 00 00 82 00 00 21 82 93 D5 02 3E 80 03 20 21 46 02 02 00 00 00
2D 4B 25 53 46 37 0A 0A 2D 75 40 00 00 00 00 00 3F 19 46 00 0F 0F 31 00 00 80 00 00 21 06 51 D4 24 3E 82 12 00 20 46 02 02 00 00 00
5F 50 69 64 28 46 00 00 2D C8 20 00 21 00 21 00 FE 14 46 05 05 05 2F 71 00 09 00 00 25 76 F3 E7 52 1E 88 02 08 BB 46 C2 03 00 00 00
FF 0A 0A 37 4B 87 00 00 1E FF 03 00 6E 00 E7 00 FE 28 8C 04 06 06 1E 20 00 09 00 00 6D F6 FB F7 76 9E 89 0B AC B9 76 82 0A 00 00 00
5A 55 4B 73 73 64 0D 0D 03 D8 80 01 00 00 00 00 FF 50 23 05 0F 0F 2E 00 00 02 00 00 38 C6 D3 AD 13 0E 00 03 28 11 46 92 0A 00 00 00
73 73 55 64 5A 4B 0A 0A 03 D9 09 00 00 00 00 00 FF 50 23 05 0F 0F 2E 00 00 05 00 00 38 46 73 AC 35 0E 02 12 68 10 46 92 0A 00 00 00
64 4B 73 55 5A 73 0B 0B 03 D7 10 08 00 00 00 00 FF 50 23 05 0F 0F 2E 00 00 01 00 00 7C 76 53 AC 11 0E 40 02 88 10 46 52 0F 00 00 00
32 40 32 29 2D 32 05 04 2D 43 04 00 00 00 00 00 7F 28 23 05 01 01 3E 00 5A 03 00 00 20 4E 13 CE 50 1F 00 02 52 E8 46 02 02 00 00 00
46 54 46 33 41 46 05 04 2D 90 08 00 00 00 00 00 7F 28 23 05 01 01 3D 00 00 07 00 00 20 4E 13 CE 50 1F 00 02 52 E8 46 02 02 00 00 00
64 86 6E 3D 5F 64 05 11 2D DA 0C 00 00 00 00 00 7F 28 23 05 01 01 2D 00 00 03 00 00 37 7E D3 CF F6 1F 88 06 DB E9 46 D2 0B 00 00 00
6A 5A 82 6E 5A 9A 0E 02 03 DC 00 0C 00 00 00 00 FF 78 00 05 0F 0F 2E 00 00 08 00 00 7C F6 DF B7 93 CE 44 07 A8 11 56 E2 07 00 00 00
6A 82 5A 5A 6E 9A 0A 02 03 DC 00 0C 2C 00 2C 00 FF 78 00 05 0F 0F 2E 00 00 00 00 00 38 C6 BF B7 B7 4E 06 13 28 11 D6 A2 02 00 00 00
64 64 64 64 64 64 0E 0C 2D 40 03 00 9D 00 9D 00 FF 78 64 03 0F 0F 1E 00 00 03 00 00 2C C6 3F B4 93 8E 90 23 28 1D 76 1B 00 00 00 00
28 2D 23 46 41 37 0C 0C 2D 41 40 00 00 00 00 00 1F 14 46 03 01 0E 41 00 00 03 00 00 21 07 7D CC C0 1E 90 0A 20 A4 66 92 02 00 00 00
32 41 2D 5F 55 41 0C 0C 2D 8D 80 00 00 00 00 00 1F 14 46 03 01 0E 41 00 00 03 00 00 21 07 7D CC C0 1E B0 0A 20 A4 67 92 02 00 00 00
46 55 41 78 69 55 0C 0C 2D D0 C0 00 00 00 00 00 1F 14 46 03 01 0E 41 00 00 03 00 00 33 47 7D CE C0 1E B8 0E 28 A4 67 92 0A 00 00 00
2D 3C 28 2D 46 32 0A 0A 2D 41 00 01 00 00 00 00 1F 14 46 03 05 05 42 00 00 00 00 00 20 06 11 8C E4 1E 02 12 01 A4 46 92 02 00 00 00
3C 55 3C 37 55 3C 0A 01 2D 8E 04 01 00 00 00 00 1F 14 46 03 05 05 42 00 00 00 00 00 A1 06 11 CC E4 1E 8A 12 01 A4 4E 92 02 00 00 00
50 78 46 50 6E 46 0A 01 2D D1 0C 00 00 00 00 00 1F 14 46 03 05 05 42 00 00 00 00 00 B1 46 31 CE E4 1E 8A 12 49 A4 4E 92 0A 00 00 00
32 46 32 28 32 32 0B 0B 2D 41 04 00 00 00 00 00 1F 14 46 03 01 02 43 00 00 01 00 00 64 32 53 8C 40 1E 00 02 00 A0 46 C2 07 00 00 00
46 55 46 32 3C 46 0B 04 2D 8F 08 00 00 00 00 00 1F 14 46 03 01 02 43 00 00 01 00 00 64 32 53 CE 40 1E 80 02 00 A8 46 C2 07 00 00 00
64 6E 5A 3C 55 5A 0B 04 2D D2 0C 00 00 00 00 00 1F 14 46 03 01 02 43 00 00 01 00 00 75 72 53 CE 40 1E 88 02 C8 A8 46 C2 0F 00 00 00
23 37 23 23 1E 1E 11 11 FF 37 04 00 00 00 97 00 7F 0F 46 00 05 05 32 5F 00 07 00 00 30 0E 53 AC 00 3F 01 42 02 60 46 02 02 00 00 00
46 5A 46 46 3C 3C 11 11 7F 80 08 00 00 00 97 00 7F 0F 46 00 05 05 16 5F 00 07 00 00 30 4E 53 AC 00 3F 01 42 0A 60 46 82 02 00 00 00
26 1E 29 3C 1E 29 00 00 FF 3C 40 00 00 00 9B 00 7F 0F 46 00 05 05 35 52 78 05 00 00 24 36 D3 AD 02 3E 80 03 00 21 66 52 03 00 00 00
4E 46 3D 64 32 3D 00 00 5A 80 80 00 9B 00 9E 00 7F 0F 46 00 05 05 35 52 5A 08 00 00 34 76 D3 AD 02 3E 80 03 09 21 66 D2 03 00 00 00
2D 2D 23 14 14 1E 06 06 FF 36 01 00 00 00 00 00 7F 0F 46 00 03 03 13 00 00 00 00 00 00 00 00 00 00 00 00 00 00 00 00 00 00 00 00 00
32 23 37 0F 19 19 06 06 78 48 20 00 00 00 00 00 7F 0F 46 00 03 03 3D 00 00 08 00 00 00 00 00 00 00 00 00 00 00 00 00 00 00 00 00 00
3C 46 32 41 5A 32 06 02 2D A1 00 03 00 00 27 01 7F 0F 46 00 03 03 44 00 00 02 00 00 20 46 3D B4 80 3E 14 22 28 20 46 03 00 00 00 00
32 23 37 0F 19 19 06 06 78 48 20 00 00 00 00 00 7F 0F 46 00 03 03 3D 00 00 06 00 00 00 00 00 00 00 00 00 00 00 00 00 00 00 00 00 00
3C 32 46 41 32 5A 06 03 2D A1 00 0C 00 00 27 01 7F 0F 46 00 03 03 13 00 00 03 00 00 20 C6 35 B4 88 3E 14 22 28 20 46 03 00 00 00 00
28 1E 1E 1E 28 32 0B 0C FF 4A 00 04 00 00 00 00 7F 0F 46 03 02 07 21 2C 5A 03 00 00 64 37 37 84 00 3E 10 02 20 24 66 42 01 00 00 00
3C 32 32 32 3C 46 0B 0C 78 8D 00 08 00 00 00 00 7F 0F 46 03 02 07 21 2C 3C 03 00 00 64 37 37 C4 00 3E 90 0A 20 24 66 C2 07 00 00 00
50 46 46 46 5A 64 0B 0C 2D B5 00 0C 00 00 00 00 7F 0F 46 03 02 07 21 2C 00 03 00 00 65 77 37 C4 00 3E 98 0A 28 24 66 C2 0F 00 00 00
28 28 32 1E 1E 1E 0C 0C FF 4A 10 00 00 00 00 00 7F 0F 46 03 05 07 22 30 5A 05 00 00 20 07 35 AC 00 1E 10 82 20 24 66 02 02 00 00 00
46 46 28 3C 3C 28 0C 11 78 8D 08 00 00 00 00 00 7F 0F 46 03 05 07 22 30 3C 05 00 00 20 47 35 EC 40 3F 90 C2 22 F4 66 92 02 00 00 00
5A 64 3C 50 5A 3C 0C 11 2D B5 0C 00 00 00 00 00 7F 0F 46 03 05 07 22 30 00 05 00 00 20 47 35 EC C0 3F 98 E2 2A F4 67 92 02 00 00 00
28 37 1E 55 1E 1E 00 02 C8 3B 40 00 00 00 C3 00 7F 0F 46 03 04 04 3E 00 00 01 00 00 20 06 13 84 80 7E 04 02 00 20 C6 23 00 00 00 00
3C 55 3C 7D 32 32 00 02 2D A2 80 00 00 00 C3 00 7F 0F 46 03 04 04 3E 00 00 01 00 00 20 46 13 84 80 7E 04 02 08 20 C6 23 00 00 00 00
28 1E 1E 55 37 1E 0B 02 BE 40 40 00 00 00 00 00 7F 14 46 00 02 04 33 00 00 08 00 00 64 32 13 84 82 7E 44 02 00 20 C6 23 00 00 00 00
3C 32 64 41 55 46 0B 02 2D A4 20 00 00 00 00 00 7F 14 46 00 02 04 33 00 00 02 00 00 64 72 13 84 82 7E C4 02 0A 20 C6 63 01 00 00 00
1C 19 19 28 2D 23 0E 0E EB 46 00 01 00 00 00 00 7F 14 23 05 0B 0B 1C 24 00 08 00 00 28 8E 9B B4 03 BF 81 03 24 31 76 0A 00 00 00 00
26 23 23 32 41 37 0E 0E 78 8C 00 02 00 00 00 00 7F 14 23 05 0B 0B 1C 24 00 08 00 00 28 8E 9B B4 03 BF 81 03 24 31 76 0A 00 00 00 00
44 41 41 50 7D 73 0E 0E 2D D0 00 03 00 00 00 00 7F 14 23 05 0B 0B 1C 24 00 08 00 00 28 CE 9B B4 03 BF 99 03 2C 31 76 0A 00 00 00 00
28 1E 20 41 32 34 06 0B C8 3F 40 00 00 00 00 00 7F 0F 46 00 02 03 21 00 78 01 00 00 24 36 37 A4 00 3E 00 02 20 30 46 02 00 00 00 00
46 3C 3E 3C 50 52 06 02 4B 80 00 05 00 00 DE 00 7F 0F 46 00 02 03 16 00 5A 01 00 00 24 76 37 A4 80 3E 14 22 28 30 46 03 00 00 00 00
3C 28 3C 23 28 3C 0C 0C FF 41 01 00 00 00 BE 00 7F 0F 46 02 06 07 1B 5A 78 05 00 00 20 07 3D 84 08 1E 11 02 20 24 66 02 00 00 00 00
3C 82 50 46 3C 3C 0C 01 5A A5 08 00 00 00 BE 00 7F 0F 46 02 06 07 1B 5A 5A 03 00 00 A1 47 7D C4 48 1E 99 0A 68 A4 66 92 02 00 00 00
3C 3C 3C 1E 23 23 00 00 FF 53 01 00 00 00 00 00 7F 0F 46 05 05 05 36 00 00 05 00 00 A5 36 B3 E5 E6 1E 80 02 01 A0 46 92 02 00 00 00
50 50 50 5A 37 37 00 00 78 7E 80 00 00 00 00 00 7F 0F 46 05 05 05 48 00 5A 08 00 00 B5 3E B3 E7 E6 1E 88 02 01 A0 46 92 0A 00 00 00
96 A0 64 64 5F 41 00 00 2D D2 03 00 00 00 00 00 7F 0F 46 05 05 05 36 00 00 05 00 00 B5 7E B3 E7 E6 1E 88 02 09 A0 46 92 0A 00 00 00
1F 2D 5A 28 1E 1E 06 04 FF 41 10 00 00 00 00 00 7F 0F 46 01 03 03 0E 00 00 07 00 00 20 06 35 AC 90 0E 20 02 20 00 47 12 00 00 00 00
3D 5A 2D A0 32 32 06 02 78 9B 80 00 00 00 00 00 7F 0F 46 01 03 03 03 00 00 02 00 00 20 46 35 AC 90 3E 24 22 28 24 47 13 00 00 00 00
01 5A 2D 28 1E 1E 06 07 2D 5F 02 00 00 00 00 00 FF 0F 46 01 0A 0A 19 00 00 05 00 00 20 46 35 AC 90 2E 20 12 29 00 57 12 00 00 00 00
40 33 17 1C 33 17 00 00 BE 44 01 00 00 00 96 00 7F 14 46 03 01 05 2B 00 00 09 00 00 34 36 33 A4 26 1E 80 02 00 20 46 02 00 00 00 00
54 47 2B 30 47 2B 00 00 78 7E 02 00 00 00 96 00 7F 14 46 03 01 05 2B 00 00 01 00 00 34 3E 33 E6 66 1F 82 02 00 A0 46 82 02 00 00 00
68 5B 3F 44 5B 3F 00 00 2D B8 03 00 00 00 96 00 7F 14 46 03 01 05 2B 00 00 01 00 00 34 7E 33 E6 66 1F 8A 02 88 A0 46 C2 0B 00 00 00
48 3C 1E 19 14 1E 01 01 B4 57 01 00 00 00 00 00 3F 14 46 02 08 08 2F 3E 00 02 00 00 A1 06 13 CE 40 1E 88 02 00 A0 4E C2 0B 00 00 00
90 78 3C 32 28 3C 01 01 C8 B8 02 00 00 00 DD 00 3F 14 46 02 08 08 2F 3E 00 05 00 00 A1 46 13 CE 40 1E C8 02 4A A0 4E C2 0B 00 00 00
32 14 28 14 14 28 00 00 96 21 01 00 00 00 00 00 BF 0A 46 04 0F 0F 2F 25 78 01 00 00 64 32 53 84 00 1E 00 02 00 20 46 42 05 00 00 00
1E 2D 87 1E 2D 5A 05 05 FF 6C 10 00 00 00 EE 00 7F 14 46 00 0A 0A 05 2A 3C 07 00 00 20 0E 91 87 52 1F 00 82 50 A9 46 82 02 00 00 00
32 2D 2D 32 23 23 00 00 FF 41 40 00 00 00 9A 00 BF 0F 46 04 05 06 38 60 00 09 00 00 2C 36 FB AD 02 1E 00 03 22 31 76 02 00 00 00 00
46 41 41 46 37 37 00 00 3C 8A 41 00 00 00 9A 00 BF 0F 46 04 05 06 38 60 00 06 00 00 2C 76 FB AD 02 1E 00 03 2A 31 76 82 02 00 00 00
32 4B 4B 32 41 41 11 07 2D 62 14 00 00 00 00 00 7F 19 23 03 08 08 33 64 00 06 00 00 2D 0E 13 FC C2 3F 81 52 23 70 5E 12 02 00 00 00
32 55 55 32 37 37 08 08 2D 62 14 00 00 00 B8 00 7F 14 46 04 05 06 34 16 00 04 00 00 21 5E 33 E4 7C 1F 88 43 0A E4 66 86 02 00 00 00
32 46 64 1E 28 28 08 05 B4 60 10 00 00 00 EE 00 7F 23 23 05 01 01 05 45 5A 07 00 00 34 06 53 8E D2 1E 00 02 11 A8 46 92 02 00 00 00
3C 5A 8C 28 32 32 08 05 5A 98 20 00 00 00 EE 00 7F 23 23 05 01 01 05 45 3C 07 00 00 34 06 53 8E D2 1E 00 02 51 A8 46 92 02 00 00 00
46 6E B4 32 3C 3C 08 05 2D CD 30 00 00 00 EE 00 7F 23 23 05 01 01 05 45 00 07 00 00 37 7E F3 CF F6 1E 88 06 DB E9 46 D6 0B 00 00 00
1E 28 37 3C 28 37 01 0E B4 5B 40 00 00 00 00 00 7F 14 46 00 08 08 4A 00 5A 01 00 00 A9 86 13 F4 41 1E 88 0A 24 B0 7E 82 02 00 00 00
3C 3C 4B 50 3C 4B 01 0E 5A 99 80 00 00 00 00 00 7F 14 46 00 08 08 4A 00 3C 00 00 00 A9 C6 13 F4 41 1E 98 0A 2C B0 7E 82 02 00 00 00
28 2D 28 41 41 28 0D 0D 78 68 40 00 00 00 00 00 7F 14 46 05 05 05 09 1F 78 03 00 00 30 82 D3 85 06 3E 00 03 20 21 46 82 00 00 00 00
46 4B 3C 69 69 3C 0D 0D 2D A8 80 00 00 00 00 00 7F 14 46 05 05 05 09 1F 5A 02 00 00 30 C2 D3 85 06 3E 02 03 28 21 46 82 00 00 00 00
3C 32 28 5F 55 4B 0D 0D C8 78 40 00 00 00 00 00 7F 14 46 00 06 06 39 00 00 02 00 00 20 82 D3 85 02 1E 80 03 20 21 66 02 00 00 00 00
3C 28 32 5F 4B 55 0D 0D C8 78 40 00 00 00 00 00 7F 14 46 00 06 06 3A 00 00 02 00 00 20 82 D3 85 02 1E 80 03 20 21 66 02 00 00 00 00
41 49 37 55 2F 4B 06 06 96 92 40 00 00 00 00 00 00 0F 46 01 03 08 23 44 5A 07 00 00 25 86 B7 E5 82 3E 84 23 20 31 46 03 00 00 00 00
41 2F 37 55 49 4B 06 06 96 92 40 00 00 00 00 00 FE 0F 46 02 03 08 0C 6E 5A 06 00 00 25 86 B7 E5 82 3E 84 23 20 31 46 03 00 00 00 00
32 3C 2D 41 64 50 0C 03 96 98 00 02 00 00 F5 00 7F 14 46 03 06 07 1E 26 3C 83 00 00 20 07 37 A4 08 1E 10 02 20 34 6E 12 00 00 00 00
46 2B 35 28 2B 35 03 03 E1 4B 01 00 00 00 59 00 7F 14 46 02 0B 0B 40 3C 78 03 00 00 24 17 37 A4 0A 1E 01 82 00 20 56 82 02 00 00 00
64 49 53 37 49 53 03 03 4B A8 02 00 00 00 59 00 7F 14 46 02 0B 0B 40 3C 00 06 00 00 24 57 37 A6 0A 1E 01 82 08 20 56 82 02 00 00 00
2D 5A 14 41 41 14 0B 11 E1 58 04 00 00 00 E2 00 7F 14 23 05 0C 0C 18 00 5A 00 00 00 64 3A 13 84 00 3F 40 02 02 60 46 42 05 00 00 00
46 78 28 5F 5F 28 0B 11 3C AF 08 00 00 00 E2 00 7F 14 23 05 0C 0C 18 00 00 01 00 00 74 7A 13 86 40 3F 40 02 8A 60 4E C2 07 00 00 00
82 46 23 3C 46 23 0B 0B 7D 89 01 00 00 00 00 00 7F 28 46 02 05 0C 29 0C 00 01 00 00 74 32 13 86 40 1E 40 02 80 20 46 C2 07 00 00 00
AA 5A 2D 3C 5A 2D 0B 0B 3C CE 02 00 00 00 00 00 7F 28 46 02 05 0C 29 0C 00 01 00 00 74 72 13 86 40 1E 40 02 88 20 46 C2 07 00 00 00
3C 3C 28 23 41 2D 0A 04 FF 58 00 01 98 00 98 00 7F 14 46 00 05 05 0C 56 00 02 00 00 20 06 11 8E 74 1E 02 12 00 A8 46 82 02 00 00 00
46 64 46 28 69 4B 0A 04 96 AF 04 01 98 00 98 00 7F 14 46 00 05 05 28 74 00 00 00 00 30 46 31 8E 74 1E 02 92 58 A8 46 86 02 00 00 00
46 55 8C 14 55 46 0A 0A 5A A1 20 00 00 00 00 00 7F 14 46 00 05 05 49 00 3C 05 00 00 20 46 71 86 6C 1E 02 92 48 AA 46 82 02 00 00 00
3C 19 23 3C 46 50 0E 0E FF 59 00 04 00 00 C2 00 7F 14 46 04 05 05 2F 14 00 04 00 00 28 8E 53 B4 03 BF 01 03 26 31 76 0A 00 00 00 00
50 2D 41 50 5A 6E 0E 0E 3C A4 00 08 00 00 C2 00 7F 14 46 04 05 05 2F 14 00 06 00 00 29 CE 53 F4 03 BF 99 0B 2E 31 76 0A 00 00 00 00
3C 3C 3C 3C 3C 3C 00 00 FF 55 00 01 00 00 96 00 7F 0F 46 04 05 08 14 4D 3C 85 00 00 2D 06 1B FC 42 BE 81 0A 24 B0 56 8A 02 00 00 00
2D 64 2D 0A 2D 2D 04 04 FF 49 04 00 00 00 ED 00 7F 14 46 03 03 03 34 47 78 05 00 00 20 46 35 8E 50 1E 00 02 00 A0 46 82 02 00 00 00
32 46 32 46 32 32 04 10 78 7E 44 00 00 00 00 00 7F 14 46 03 03 03 1A 1A 5A 03 00 00 20 46 35 8E 50 5E 04 26 00 A0 46 A3 02 00 00 00
50 64 50 64 50 50 04 10 2D C5 84 00 00 00 00 00 7F 14 46 03 03 03 1A 1A 00 03 00 00 22 46 75 8E F4 5E 04 26 48 A0 46 A3 02 00 00 00
32 55 28 23 55 28 0C 0C BE 61 00 01 00 00 20 01 7F 14 23 03 07 08 08 00 5A 03 00 00 21 07 35 C4 10 1E 90 0A 22 64 6E 12 00 00 00 00
46 73 3C 37 73 3C 0C 11 3C B1 04 01 00 00 20 01 7F 14 23 03 07 08 08 00 3C 03 00 00 21 47 35 C4 10 1E 98 4A 2A 64 6E 92 00 00 00 00
2D 28 3C 32 28 4B 00 02 FF 4A 00 04 00 00 00 00 7F 14 46 01 04 0E 1E 00 00 01 00 00 20 16 3B 84 80 7E 04 06 00 30 D6 22 00 00 00 00
4B 46 5A 50 46 69 10 02 2D BC 00 08 00 00 00 00 7F 14 46 01 04 0E 1E 00 00 01 00 00 32 56 7B 86 A4 7E 04 06 08 30 D6 22 02 00 00 00
49 73 3C 5A 3C 3C 00 00 5A A5 08 00 00 00 D9 00 7F 14 46 01 05 05 11 00 5A 88 00 00 35 3E F7 ED E6 3E A8 42 03 A4 4F 82 0A 00 00 00
49 64 3C 41 64 3C 03 03 5A A5 04 01 00 00 00 00 7F 14 46 02 05 0E 3D 00 5A 84 00 00 20 0E 57 8E 0C 3E 01 02 02 60 4F 82 02 00 00 00
46 37 41 46 5F 55 05 0E 2D 96 00 02 00 00 51 00 FF 19 46 04 0A 0A 1A 00 3C 02 00 00 28 F2 1B B6 51 8E 00 C3 7C 9A 76 0A 00 00 00 00
46 5F 55 46 37 41 05 0E 2D 96 08 00 00 00 50 00 FF 19 46 04 0A 0A 1A 00 3C 00 00 00 28 C6 39 B6 75 8E 02 D3 7C 9A 76 0A 00 00 00 00
32 30 2B 3C 2E 29 0B 04 BE 5C 01 00 00 00 00 00 7F 14 46 00 0C 0C 0C 6B 78 07 00 00 64 32 13 86 50 1E 00 02 00 20 46 42 05 00 00 00
6E 4E 49 3C 4C 47 0B 04 4B 9E 02 00 00 00 00 00 7F 14 46 00 0C 0C 0C 6B 00 01 00 00 64 72 13 86 50 1E 00 02 48 A0 46 C2 07 00 00 00
2B 50 41 23 32 23 0B 0B CD 6F 04 00 00 00 00 00 7F 0F 46 02 02 09 34 4B 5A 00 00 00 64 3A 13 CC C8 1E A0 02 02 A4 47 D2 07 00 00 00
3F 78 55 37 5A 37 0B 11 9B A1 08 00 00 00 00 00 7F 0F 46 02 02 09 34 4B 00 00 00 00 64 7A 13 CC C8 1E A0 02 8A E4 47 D2 07 00 00 00
28 28 37 37 28 46 04 0E FF 3A 00 04 00 00 00 00 FF 14 46 00 0A 0A 1A 00 00 05 00 00 28 96 3B BE 51 8E 00 83 34 9A 76 0A 00 00 00 00
3C 46 69 4B 46 78 04 0E 5A BD 00 08 00 00 00 00 FF 14 46 00 0A 0A 1A 00 00 04 00 00 28 D6 3B BE 51 8E 00 83 7C 9A 76 8A 02 00 00 00
42 29 4D 17 3D 57 05 0C 2D 63 00 04 00 00 28 01 1F 1E 46 01 09 09 15 00 00 06 00 00 20 07 35 84 58 1E 10 02 30 AC 66 02 00 00 00 00
56 51 61 2B 51 6B 05 0C 2D C7 00 08 00 00 28 01 1F 1E 46 01 09 09 15 00 00 03 00 00 20 47 35 86 58 1E 10 02 78 AC 66 82 02 00 00 00
2D 5F 32 4B 28 32 05 06 2D 63 04 00 00 00 00 00 1F 1E 46 01 09 09 04 00 00 07 00 00 24 06 11 CC D0 1E 20 02 10 AC 47 12 02 00 00 00
4B 7D 64 2D 46 50 05 06 2D C7 08 00 00 00 00 00 1F 1E 46 01 09 09 04 00 00 07 00 00 24 46 51 CE D0 1E 20 02 58 AC 47 96 02 00 00 00
14 0F 14 50 0A 37 0B 0B FF 3D 40 00 00 00 00 00 7F 14 46 01 02 0E 21 00 00 05 00 00 64 32 13 84 00 1E 00 02 00 20 46 42 05 00 00 00
5F 3C 4F 51 64 7D 0B 0B 3C D5 00 08 00 00 00 00 7F 14 46 01 02 0E 3F 00 00 09 00 00 64 72 5B 84 00 1E 00 06 88 30 46 42 05 00 00 00
46 46 46 46 46 46 00 00 2D 91 01 00 F3 00 F3 00 7F 19 46 00 06 0B 3B 00 00 08 00 00 64 36 B3 A5 36 3E 10 02 A0 31 46 02 00 00 00 00
3C 5A 46 28 3C 78 00 00 C8 84 00 04 00 00 9C 00 7F 14 46 03 05 05 10 00 78 03 00 00 25 36 F3 ED E6 BE 81 0B 25 B9 66 9A 02 00 00 00
2C 4B 23 2D 3F 21 07 07 E1 61 04 00 00 00 F7 00 7F 19 23 04 0B 0B 0F 77 96 04 00 00 28 0E 93 B5 02 BF 01 53 22 71 56 0A 00 00 00 00
40 73 41 41 53 3F 07 07 2D B3 08 00 00 00 F7 00 7F 19 23 04 0B 0B 0F 77 5A 04 00 00 28 4E 93 B5 02 BF 81 53 2B 71 56 0A 00 00 00 00
14 28 5A 19 1E 5A 07 07 BE 61 00 04 00 00 C4 00 7F 19 23 04 0B 0B 1A 00 78 04 00 00 28 3E 13 B4 00 BF 81 53 22 70 56 0A 00 00 00 00
28 46 82 19 3C 82 07 07 5A B3 10 04 00 00 C4 00 7F 19 23 04 0B 0B 2E 00 5A 04 00 00 29 7E 13 F6 40 BF 81 53 2A F0 56 8A 02 00 00 00
63 44 53 33 48 57 0C 02 C8 A9 02 00 00 00 00 00 7F 19 46 05 01 07 22 5E 3C 03 00 00 30 47 3D 86 80 5E 14 22 28 24 66 B2 02 00 00 00
41 32 46 41 5F 50 0E 0E 2D 93 00 05 00 00 C6 00 7F 19 46 04 0B 0B 1A 00 5A 01 00 00 28 8E 1B B4 03 9F 11 03 24 31 76 0A 00 00 00 00
41 82 3C 4B 4B 3C 11 11 1E AE 08 00 00 00 00 00 7F 19 23 03 05 05 2E 69 00 88 00 00 6C 7E D3 A5 F6 3F 21 13 6B F5 57 92 02 00 00 00
5F 17 30 17 17 30 0E 0E 7D 2C 01 00 00 00 00 00 7F 14 46 00 0F 0F 17 00 00 01 00 00 00 00 00 00 00 00 00 00 00 00 00 00 00 00 00 00
32 32 32 32 32 32 0F 0F BE 4A 01 00 00 00 C7 00 7F 14 46 00 06 0A 27 73 00 07 00 00 64 B2 1B A4 00 1E 00 02 A0 20 46 02 00 00 00 00
50 50 50 50 50 50 0F 0F 4B BB 02 00 00 00 C7 00 7F 14 46 00 06 0A 27 73 00 07 00 00 64 FA 1B A6 00 1F 00 82 AA 62 46 02 00 00 00 00
46 28 32 19 37 32 0F 0B FF 4B 01 00 00 00 00 00 7F 14 46 03 02 05 2F 73 5A 01 00 00 64 32 53 86 40 1E 40 02 00 A0 46 C2 07 00 00 00
5A 3C 46 2D 4B 46 0F 0B 78 80 02 00 00 00 00 00 7F 14 46 03 02 05 2F 73 3C 01 00 00 74 32 53 86 40 1E 40 02 00 A0 46 C2 07 00 00 00
6E 50 5A 41 5F 5A 0F 0B 2D C0 03 00 00 00 00 00 7F 14 46 03 02 05 2F 73 00 01 00 00 74 72 53 86 40 1E 40 02 88 A0 46 C2 07 00 00 00
23 40 55 20 4A 37 0B 0B FF 8E 10 00 00 00 59 00 7F 14 46 01 02 02 4B 00 00 01 00 00 64 32 13 84 00 1E 40 02 00 20 46 42 05 00 00 00
37 68 69 34 5E 4B 0B 0B 3C B2 14 00 00 00 E2 00 7F 14 46 01 02 02 21 00 00 01 00 00 64 72 13 84 40 1E 41 02 08 20 46 42 05 00 00 00
37 54 69 34 72 4B 0B 0B 3C B2 00 02 00 00 E3 00 7F 14 46 01 02 02 21 00 00 09 00 00 64 72 1B B4 00 1E 40 02 08 30 46 42 05 00 00 00
64 5A 82 37 2D 41 0B 05 19 C6 11 00 00 00 E3 00 1F 28 46 05 02 0C 21 45 00 07 00 00 6C 72 1B 86 50 1E 40 02 58 B8 46 42 07 00 00 00
2B 1E 37 61 28 41 0B 0B E1 6E 40 00 5D 00 00 00 BF 14 46 04 0C 0C 21 00 00 09 00 00 64 32 1B 84 00 1E 40 02 00 30 46 42 05 00 00 00
2D 4B 3C 32 28 1E 10 10 2D 59 04 00 00 00 FA 00 7F 28 23 05 0E 0E 45 00 5A 01 00 00 32 06 13 C4 E4 1E 00 06 01 A0 46 92 02 00 00 00
41 5F 64 32 3C 32 10 10 2D 90 20 00 00 00 FA 00 7F 28 23 05 0E 0E 45 00 78 08 00 00 32 06 13 C4 E4 1E 00 06 01 A0 46 92 02 00 00 00
5F 87 50 64 6E 50 10 02 2D DA 0C 00 00 00 FA 00 7F 28 23 05 0E 0E 16 00 00 01 00 00 32 46 53 C6 E4 5E 04 06 49 A0 46 B2 02 00 00 00
28 37 50 1E 23 3C 08 0E 03 67 10 00 00 00 E9 00 FF 28 23 05 0A 0A 1D 00 5A 01 00 00 00 00 00 00 00 00 00 00 00 00 00 00 00 00 00 00
3C 4B 64 32 37 50 08 0E 03 99 20 00 00 00 E9 00 FF 28 23 05 0A 0A 1D 00 3C 01 00 00 20 C6 13 F6 D9 0E 00 82 30 9A 66 96 02 00 00 00
50 87 82 46 5F 5A 08 0E 03 D2 30 00 00 00 E9 00 FF 28 23 05 0A 0A 1D 00 00 01 00 00 20 C6 13 F6 D9 0E 00 82 38 9A 66 96 02 00 00 00
50 64 C8 32 32 64 05 05 03 D9 30 00 00 00 00 00 FF 50 23 05 0F 0F 1D 00 00 05 00 00 21 46 99 CF 52 0E 88 8B 58 99 46 82 0A 00 00 00
50 32 64 32 64 C8 0F 0F 03 D8 00 0C 00 00 00 00 FF 50 23 05 0F 0F 1D 00 00 01 00 00 61 72 9B C7 42 0E 88 83 98 91 46 86 0A 00 00 00
50 4B 96 32 4B 96 08 08 03 D7 20 04 00 00 00 00 FF 50 23 05 0F 0F 1D 00 00 07 00 00 21 46 9B C7 D2 0E 88 83 19 99 46 86 0A 00 00 00
50 50 5A 6E 6E 82 10 0E 03 D3 00 0C 00 00 00 00 FE 78 5A 05 0F 0F 1A 00 00 00 00 00 3E D6 BB B7 93 5E 14 07 29 31 76 72 05 00 00 00
50 5A 50 6E 82 6E 10 0E 03 D3 00 03 00 00 00 00 00 78 5A 05 0F 0F 1A 00 00 01 00 00 3E D6 BB B7 93 5E 14 07 29 31 76 72 05 00 00 00
64 64 5A 5A 96 8C 0B 0B 05 DA 00 03 00 00 00 00 FF 78 00 05 0F 0F 02 00 00 01 00 00 7C 72 9B C7 42 0E 40 02 88 91 46 C2 07 00 00 00
64 96 8C 5A 64 5A 04 04 05 DA 0C 00 00 00 00 00 FF 78 00 05 0F 0F 46 00 00 00 00 00 B2 46 F9 CF F6 0E 8A 06 59 9D 46 92 0A 00 00 00
69 96 5A 5F 96 5A 10 02 03 DC 08 01 00 00 00 00 FF 78 00 05 0F 0F 4C 00 00 03 00 00 B6 76 F3 C7 F6 0E 9A 06 C9 97 46 E2 07 00 00 00
64 64 64 64 64 64 08 0E 03 D7 03 00 5B 00 5B 00 FF 78 64 05 0F 0F 20 00 00 02 00 00 2C C6 9B B5 93 8E 90 0B 2C 19 76 0F 00 00 00 00
32 96 32 96 96 32 0E 0E 03 D7 44 01 00 00 00 00 FF 78 00 05 0F 0F 2E 00 00 00 00 00 2D DE BB F5 C3 8F 99 0B AC 99 7E 9E 02 00 00 00
37 44 40 1F 2D 37 0C 0C 2D 40 04 00 00 00 00 00 1F 14 46 03 01 07 41 00 00 03 00 00 20 87 7D 84 01 1E 10 02 20 2C 66 92 0A 00 00 00
4B 59 55 24 37 41 0C 0C 2D 8D 14 00 00 00 00 00 1F 14 46 03 01 07 41 00 00 03 00 00 20 87 7D 84 01 1E 10 02 20 2C 66 92 0A 00 00 00
5F 6D 69 38 4B 55 0C 04 2D D0 18 00 00 00 00 00 1F 14 46 03 01 07 41 00 00 83 00 00 30 C7 7D 86 51 1E 10 02 78 AC 66 92 0A 00 00 00
2C 3A 2C 3D 3A 2C 0A 0A 2D 41 40 00 00 00 00 00 1F 14 46 03 05 08 42 00 00 85 00 00 A1 0E 51 CC A4 1F 82 12 01 2C 66 93 0A 00 00 00
40 4E 34 51 4E 34 0A 01 2D 8E 40 01 00 00 00 00 1F 14 46 03 05 08 42 00 00 85 00 00 A1 0E 51 CC E4 1F 8A 12 01 AC 6E 93 0A 00 00 00
4C 68 47 6C 68 47 0A 01 2D D1 44 01 00 00 00 00 1F 14 46 03 05 08 42 00 00 05 00 00 B9 4E 71 CE E4 1F 8A 12 49 AC 6E 93 0A 00 00 00
35 33 35 28 3D 38 0B 0B 2D 42 00 01 00 00 00 00 1F 14 46 03 02 05 43 00 00 01 00 00 64 32 13 CC C0 1E C0 02 00 28 E6 52 05 00 00 00
40 42 44 32 51 4C 0B 0B 2D 8F 00 02 00 00 00 00 1F 14 46 03 02 05 43 00 00 01 00 00 64 32 13 CC C0 1E C0 02 01 28 E6 D2 07 00 00 00
54 56 58 3C 6F 65 0B 08 2D D2 00 03 00 00 00 00 1F 14 46 03 02 05 43 00 00 01 00 00 74 72 13 CE C0 5E C0 02 89 AC E6 D6 0F 00 00 00
28 37 1E 3C 1E 1E 00 02 FF 38 40 00 00 00 BC 00 7F 0F 46 03 04 04 33 00 5A 05 00 00 20 06 13 84 80 7E 04 02 00 20 C6 23 00 00 00 00
37 4B 32 50 28 28 00 02 78 71 80 00 00 00 BC 00 7F 0F 46 03 04 04 16 00 3C 05 00 00 20 06 13 84 80 7E 04 02 00 20 C6 23 00 00 00 00
55 78 46 64 32 32 00 02 2D AC 0C 00 00 00 BC 00 7F 0F 46 03 04 04 16 00 00 05 00 00 20 46 13 84 80 7E 04 02 08 20 C6 23 00 00 00 00
3B 2D 28 1F 23 28 00 00 FF 3A 01 00 00 00 00 00 7F 0F 46 00 02 05 56 6D 5A 05 00 00 20 3E D3 AD 02 3E 00 03 00 29 E6 12 02 00 00 00
4F 55 3C 47 37 3C 00 0B 7F 74 08 00 9B 00 9E 00 7F 0F 46 00 02 05 56 6D 3C 05 00 00 25 7E D3 AD 02 3E 80 03 08 29 E6 D2 0F 00 00 00
25 19 29 19 19 29 06 06 FF 36 10 00 00 00 15 01 7F 0F 46 03 03 03 3D 00 00 00 00 00 00 00 00 00 00 00 00 00 00 00 00 00 00 00 00 00
4D 55 33 41 37 33 06 06 2D 9F 08 00 00 00 15 01 7F 0F 46 03 03 03 44 00 00 00 00 00 20 4E 13 C4 80 1E 20 22 28 24 47 92 02 00 00 00
2D 41 22 2D 28 22 0D 0D EB 3C 04 00 00 00 00 00 7F 14 46 03 05 05 4F 16 78 01 00 00 30 82 D3 85 02 3E 00 03 20 21 46 82 00 00 00 00
3C 55 31 3C 3C 31 0D 0D 78 75 08 00 00 00 00 00 7F 14 64 03 05 05 4F 16 5A 01 00 00 30 82 D3 85 02 3E 00 03 20 21 46 82 00 00 00 00
50 78 4F 46 5F 4F 0D 0D 2D C2 0C 00 00 00 00 00 7F 14 46 03 05 05 4F 16 00 01 00 00 30 C2 D3 85 02 3E 00 03 28 21 46 82 00 00 00 00
28 1E 23 37 32 46 0C 03 FF 44 00 01 00 00 F5 00 7F 14 46 03 0F 0F 1E 26 78 83 00 00 20 07 37 A4 08 1E 10 02 20 34 66 12 00 00 00 00
3C 46 37 5A 7D 69 0C 03 4B CC 00 03 00 00 F5 00 7F 14 46 03 06 07 1E 26 00 83 00 00 20 47 37 A4 08 1E 10 02 28 34 6E 12 00 00 00 00
43 7D 28 3A 1E 1E 05 05 2D 63 04 00 00 00 00 00 1F 1E 46 01 01 01 68 00 00 01 00 00 30 36 D3 8F 76 3E 80 06 52 AC 46 82 0A 00 00 00
61 A5 3C 3A 41 32 05 05 2D C7 08 00 00 00 00 00 1F 1E 46 01 01 01 68 00 00 01 00 00 31 76 D3 CF 76 3E 88 06 DA AC 46 D2 0B 00 00 00
1E 2A 76 1E 2A 58 05 08 2D 63 10 00 00 00 00 00 1F 1E 46 01 01 01 05 00 00 07 00 00 30 3E D3 8F 76 1F 00 02 50 A8 46 86 02 00 00 00
3C 34 A8 1E 2F 8A 05 08 2D C7 20 00 00 00 00 00 1F 1E 46 01 01 01 05 00 00 07 00 00 30 7E D3 8F 76 1F 00 02 D8 A8 46 86 02 00 00 00
28 1D 2D 24 1D 2D 06 06 78 3D 00 04 00 00 00 00 7F 0F 46 00 03 03 3D 00 00 07 00 00 00 00 00 00 00 00 00 00 00 00 00 00 00 00 00 00
3C 3B 55 24 4F 69 06 0C 2D 9F 00 08 00 00 DE 00 FE 0F 46 00 03 03 6B 00 00 07 00 00 20 47 3F B4 00 BE 10 02 28 30 76 02 00 00 00 00
46 5E 32 42 5E 32 06 02 2D 9F 04 01 00 00 DE 00 00 0F 46 00 03 03 44 00 00 02 00 00 20 46 3F B4 80 BE 14 22 28 30 56 03 00 00 00 00
1E 1E 2A 46 1E 2A 06 02 78 3F 40 00 5E 00 5E 00 1F 0F 46 03 03 03 76 00 00 02 00 00 00 00 00 00 00 00 00 00 00 00 00 00 00 00 00 00
46 50 66 28 50 66 06 02 2D BC 10 04 00 00 F5 00 FE 0F 46 03 03 03 2E 00 00 02 00 00 20 46 13 84 88 3E 84 22 28 20 47 13 00 00 00 00
3C 2D 46 5F 2D 5A 0D 0D C8 78 40 00 00 00 00 00 7F 0A 64 00 05 06 32 35 78 08 00 00 20 82 D3 8D 02 1E 80 03 20 21 66 13 00 00 00 00
37 41 23 55 3C 1E 0B 0B BE 4B 40 00 00 00 BA 00 7F 14 46 00 02 05 21 00 78 05 00 00 E5 32 53 CC 40 1E 40 02 00 20 46 C2 07 00 00 00
55 69 37 73 55 32 0B 0B 4B B2 80 00 00 00 BA 00 7F 14 46 00 02 05 21 00 5A 05 00 00 F5 7A 53 CC 40 1F 48 02 0A 20 46 C2 07 00 00 00
2D 23 2D 23 3E 35 0C 0C BE 44 00 01 00 00 EF 00 7F 14 46 00 06 07 22 00 00 09 00 00 20 07 3D 84 00 1E 10 02 20 24 66 02 00 00 00 00
46 3C 46 55 57 4E 0C 0C 4B 85 00 02 00 00 EF 00 7F 14 46 00 06 07 7A 00 00 09 00 00 20 47 3D 84 00 1E 10 02 28 24 66 02 00 00 00 00
4C 30 30 22 39 3E 0B 0B BE 49 01 00 00 00 00 00 7F 14 46 00 02 0B 3C 72 00 06 00 00 64 32 13 84 00 1E 40 02 00 20 46 42 01 00 00 00
6F 53 44 27 5C 52 0B 04 4B B0 02 00 00 00 00 00 7F 14 46 00 02 0B 3C 72 00 06 00 00 64 72 13 8E 58 1E 40 02 68 A0 46 C2 07 00 00 00
4B 64 42 73 3C 42 00 00 2D BA 80 00 00 00 00 00 7F 14 64 04 05 05 65 35 00 06 00 00 25 4E F3 ED 82 3E 81 02 0B 21 76 93 02 00 00 00
5A 32 22 46 3C 2C 07 02 7D 7F 01 00 00 00 00 00 7F 1E 46 02 0B 0B 6A 54 00 06 00 00 28 06 93 B5 02 BE 00 F3 26 33 56 12 00 00 00 00
96 50 2C 50 5A 36 07 02 3C CC 02 00 00 00 00 00 7F 1E 46 02 0B 0B 6A 54 00 06 00 00 28 46 93 B5 02 BE 00 F3 2E 33 56 32 00 00 00 00
37 42 2C 55 2C 38 00 00 BE 54 40 00 00 00 BD 00 7F 14 00 00 05 08 32 67 00 05 00 00 25 16 F3 AC 02 1E 80 0B 00 21 66 12 02 00 00 00
41 4C 54 69 36 60 00 00 3C B2 80 00 00 00 BD 00 7F 14 8C 00 05 08 38 67 00 05 00 00 25 76 F3 AD 02 1E 88 0B 08 21 66 92 02 00 00 00
3C 3C 3C 69 69 69 07 07 2D BB 00 05 00 00 00 00 7F 19 23 04 0B 0B 1A 00 00 06 00 00 28 4E 93 B5 82 BF 11 53 2A 71 56 0A 00 00 00 00
64 7D 34 47 69 34 11 02 1E BB 08 00 00 00 00 00 7F 14 23 03 04 04 0F 69 00 04 00 00 28 4E 13 B4 80 7F 05 42 0A 71 D6 22 00 00 00 00
31 37 2A 55 2A 25 00 00 BE 47 40 00 00 00 95 00 BF 14 46 04 05 05 07 14 00 07 00 00 24 0E D3 AD 82 3F 01 02 23 30 56 13 00 00 00 00
47 52 40 70 40 3B 00 00 4B B7 80 00 00 00 95 00 BF 14 46 04 05 05 2F 14 00 07 00 00 34 4E D3 AD 82 3F 01 02 2B 30 56 13 00 00 00 00
2D 1E 32 2D 41 32 0E 0E 78 4A 00 01 00 00 C6 00 7F 19 46 04 0F 0F 1A 00 78 02 00 00 28 8E 1B B4 03 9F 01 03 24 31 76 0A 00 00 00 00
3F 3F 2F 4A 29 29 03 11 E1 4F 40 00 00 00 97 00 7F 14 46 00 05 05 01 6A 00 06 00 00 30 0E 53 AC 2C 3F 01 82 03 60 46 12 02 00 00 00
67 5D 43 54 47 3D 03 11 3C D1 02 00 00 00 97 00 7F 14 46 00 05 05 01 6A 00 06 00 00 30 4E 53 AC 2C 3F 01 82 0B 60 4E 92 02 00 00 00
39 18 56 17 18 56 08 0E FF 48 10 00 00 00 E9 00 FF 14 46 00 0A 0A 1A 55 5A 03 00 00 28 86 3B B6 51 8E 00 03 36 9A 76 0E 00 00 00 00
43 59 74 21 4F 74 08 0E 5A BC 10 04 00 00 E9 00 FF 14 46 00 0A 0A 1A 55 3C 03 00 00 28 C6 3B B6 51 8E 00 83 3E 9A 76 8E 02 00 00 00
32 50 5F 0A 0A 2D 05 05 FF 44 10 00 00 00 00 00 7F 14 46 00 0F 0F 05 45 00 05 00 00 28 06 11 CC 50 3E 00 82 10 B8 46 02 00 00 00 00
14 19 2D 3C 46 5A 0E 0E 91 4E 00 04 00 00 9A 00 7F 19 46 00 0F 0F 2B 6F 00 09 00 00 29 8E BB F5 03 BF 81 0B 24 31 76 0A 00 00 00 00
64 05 05 1E 0F 41 00 00 82 FF 01 00 6E 00 00 01 FE 28 8C 04 0F 0F 1E 20 00 09 00 00 64 86 3B B4 26 1E 80 0A 24 31 76 02 00 00 00 00
4C 41 2D 5B 5C 2A 00 02 1E 6B 04 00 00 00 15 01 7F 14 23 03 04 04 33 4D 00 04 00 00 20 0E 13 84 80 7F 04 02 00 20 C6 23 00 00 00 00
32 5C 6C 23 5C 6C 07 11 64 A8 10 04 00 00 00 00 7F 1E 46 00 0B 0B 2E 00 00 06 00 00 2C 4E 13 B4 42 3F 01 72 28 70 56 02 00 00 00 00
3A 46 2D 2A 28 2D 10 04 2D 43 04 00 00 00 C5 00 7F 28 46 05 01 0E 08 00 5A 01 00 00 32 06 13 8E F4 1E 00 06 41 A8 46 92 0A 00 00 00
44 5A 41 52 32 37 10 04 2D 90 08 00 00 00 C5 00 7F 28 46 05 01 0E 08 00 00 01 00 00 32 06 53 8E F4 1E 00 06 41 A8 46 92 0A 00 00 00
6C 82 5F 66 50 55 10 04 2D DA 0C 00 00 00 C5 00 7F 28 46 05 01 0E 08 00 00 01 00 00 32 46 53 CE F4 1E A0 06 49 AC 4E D2 0B 00 00 00
87 55 28 05 28 55 00 00 32 5E 01 00 EA 00 EA 00 1F 28 46 05 0F 0F 35 2F 00 04 00 00 25 36 B3 F7 76 1E 80 02 04 A0 46 C2 0B 00 00 00
28 46 28 3C 23 28 01 01 4B 48 04 00 00 00 00 00 1F 19 46 03 0F 0F 50 27 78 01 00 00 B1 06 53 CE 40 1E 88 0A 03 A4 4E 82 02 00 00 00
46 6E 46 5A 73 46 01 08 2D CC 04 01 00 00 00 00 1F 19 46 03 05 08 50 27 00 01 00 00 BD 46 53 FE 40 1E 88 0E 4B E4 4E 86 0A 00 00 00
44 48 4E 20 26 2A 04 04 8C 5F 10 00 00 00 00 00 7F 1E 46 05 05 05 2D 00 3C 05 00 00 34 06 51 8E 50 1E 00 02 00 A8 46 82 02 00 00 00
6C 70 76 2F 44 48 04 04 3C C6 20 00 00 00 00 00 7F 1E 46 05 05 05 2D 00 00 05 00 00 34 46 51 8E 50 1E 00 02 48 A8 46 82 02 00 00 00
28 32 5A 41 1E 37 03 06 78 72 10 00 00 00 F5 00 7F 14 46 05 03 09 04 61 78 06 00 00 20 0E 53 EC C8 3F A0 02 22 64 4F 92 02 00 00 00
46 5A 6E 5F 3C 4B 03 11 2D CC 20 00 00 00 F5 00 7F 14 46 05 03 09 04 61 3C 06 00 00 30 4E 53 EE C8 3F A0 02 2A E4 4F 92 0A 00 00 00
30 3D 28 32 3D 28 03 01 8C 53 04 00 00 00 19 01 7F 0A 64 00 08 08 6B 57 96 01 00 00 A1 0E 13 EE 48 3F 89 42 02 E0 4F 82 0A 00 00 00
53 6A 41 55 56 41 03 01 4B B5 08 00 00 00 19 01 7F 14 46 00 08 08 6B 57 78 01 00 00 A1 4E 13 EE 48 3F 89 42 4A E4 4F 92 0A 00 00 00
4A 64 48 2E 5A 48 0C 0C C8 A4 08 00 00 00 00 00 7F 19 46 05 07 07 1A 00 3C 03 00 00 20 47 35 84 08 3E 90 02 2A 24 66 12 00 00 00 00
31 31 38 42 31 3D 0B 0B BE 5A 40 00 00 00 BB 00 7F 14 46 01 0C 0C 21 72 00 01 00 00 64 32 1B 84 00 1E 40 22 22 30 46 43 05 00 00 00
45 45 4C 5B 45 56 0B 0B 4B 9C 80 00 00 00 BB 00 7F 14 46 01 0C 0C 21 72 00 01 00 00 64 72 1B 84 00 1E 40 22 2A 30 46 43 05 00 00 00
2D 14 32 32 3C 78 0B 02 19 6C 00 04 00 00 00 00 7F 19 46 05 0F 0F 21 0B 00 01 00 00 64 32 13 86 80 1E 00 02 00 20 46 42 05 00 00 00
3C 3E 32 28 3E 3C 0C 0F 78 83 04 00 00 00 F6 00 7F 14 46 05 01 07 75 00 00 08 00 00 64 B3 7F A4 00 1E 10 02 A0 24 66 02 00 00 00 00
5A 5C 4B 3C 5C 55 0C 0F 3C D6 04 01 00 00 F6 00 7F 14 46 05 01 07 75 00 00 08 00 00 65 F3 7F E6 40 1E 98 02 A8 A4 66 82 0A 00 00 00
46 78 41 7D 2D 55 11 0F 2D C7 44 00 1E 01 D9 00 7F 14 23 03 05 05 2E 2E 00 04 00 00 69 7E 53 EC 80 3F A9 42 8B 74 5F D2 03 00 00 00
46 46 73 3C 82 5A 0D 08 1E D3 00 03 00 00 E9 00 FF 14 46 00 0A 0A 2A 05 00 07 00 00 20 C6 93 85 03 0E 00 83 2C 13 46 06 00 00 00 00
6E 55 5F 32 50 5F 00 00 1E C1 03 00 00 00 17 01 7F 14 46 00 01 01 14 0C 00 09 00 00 25 76 F3 EF 76 3E 88 82 08 B6 56 D2 0B 00 00 00
73 8C 82 28 37 37 04 05 1E D9 0C 00 00 00 00 00 7F 14 46 05 01 05 1F 74 00 07 00 00 31 76 D3 CF 76 3E 88 06 DB AC 4E D6 0B 00 00 00
64 64 7D 32 6E 32 0C 0C 1E D3 20 00 00 00 00 00 7F 14 46 00 07 07 22 66 00 01 00 00 20 47 35 C6 CB 3E 98 02 2A B4 6E 92 02 00 00 00
4B 7B 43 5F 5F 55 0D 0D 1E C7 0C 00 00 00 42 01 3F 19 46 00 08 08 4E 00 00 02 00 00 21 CA D3 DF 46 3F 88 03 28 A1 46 82 0A 00 00 00
4B 5F 43 53 7D 5F 0A 0A 1E C7 00 03 00 00 43 01 3F 19 46 00 08 08 31 00 00 80 00 00 21 4E F1 D6 64 3F 8A 12 08 A0 46 82 0A 00 00 00
55 32 5F 50 78 73 00 02 1E DC 00 06 00 00 00 00 1F 0A 46 04 04 06 37 20 00 88 00 00 25 C6 3B F4 A7 5E 84 2A 28 31 F6 22 02 00 00 00
56 4C 56 5F 74 38 06 02 1E C6 08 00 00 00 09 01 7F 14 46 00 03 03 03 6E 00 03 00 00 20 46 35 B4 80 7E 04 22 28 30 56 03 00 00 00 00
41 6E 82 5F 3C 41 0C 0C 2D C4 20 00 00 00 00 00 1F 23 23 00 05 05 66 66 00 03 00 00 30 47 77 AC 80 1E 10 02 28 24 67 82 02 00 00 00
41 3C 6E 41 82 5F 0F 0F 2D C4 00 02 00 00 00 00 1F 23 23 00 05 05 51 51 00 01 00 00 74 76 53 AC 00 1E 00 02 88 20 46 82 02 00 00 00
4B 5F 7D 5F 2D 4B 04 02 1E C0 20 00 00 00 00 00 7F 14 46 03 03 03 34 08 00 06 00 00 20 4E 53 CE D8 7F A4 02 5A EC 4F 93 02 00 00 00
6E 82 50 50 46 3C 0F 04 32 CF 0C 00 00 00 00 00 7F 14 46 05 05 05 0C 51 00 05 00 00 70 F2 13 8E 51 1E 00 02 C8 A8 46 82 0A 00 00 00
55 50 46 5A 87 4B 00 00 1E B9 00 03 00 00 00 00 FF 14 46 00 0A 0A 5B 58 00 00 00 00 20 76 F3 B5 82 2E 00 43 2C 51 56 0A 00 00 00 00
44 7D 41 50 41 73 0E 01 2D D0 0C 00 00 00 00 00 00 14 23 05 0B 0B 50 50 00 08 00 00 A9 CE 9B F6 C3 BF A9 0B 6C B5 7F 9A 02 00 00 00
3C 37 91 28 4B 96 05 08 3C C6 10 08 00 00 EE 00 7F 14 46 00 0A 0A 05 2A 00 07 00 00 20 4E 91 87 52 1F 00 82 58 A9 46 86 02 00 00 00
2D 64 87 2D 41 87 07 07 2D D2 10 08 00 00 C4 00 7F 19 23 04 0B 0B 2E 00 00 04 00 00 29 7E 13 F6 40 BF 89 53 2A F0 56 8A 02 00 00 00
46 50 46 6E 50 46 0F 07 4B BB 80 00 00 00 C7 00 FE 14 46 00 06 0A 51 51 00 08 00 00 64 FA 9B B5 02 1F 81 42 AA 31 56 02 00 00 00 00
32 32 4D 5B 5F 4D 0D 07 2D 84 40 01 00 00 00 00 FF 14 46 00 0B 0B 1A 00 00 00 00 00 20 86 93 A5 03 2E 01 13 20 51 56 02 00 00 00 00
4B 4B 82 5F 4B 82 0E 0E 03 D2 20 04 00 00 00 00 FF 50 8C 05 0F 0F 1A 00 00 02 00 00 2C C6 FF B5 13 8E 90 03 2C 19 76 0B 00 00 00 00
50 69 69 50 69 69 0E 0E 03 D2 04 05 00 00 00 00 FF 50 8C 05 0F 0F 1A 00 00 09 00 00 2C F6 DB B5 13 8E 90 03 2C 19 76 0B 00 00 00 00
4B 7D 46 73 7D 46 0E 0E 03 D2 08 01 00 00 00 00 FF 50 8C 05 0F 0F 1A 00 00 01 00 00 2C CE DB B5 37 8F 90 83 2E 19 76 0B 00 00 00 00
64 78 78 5A 96 64 08 10 1E DC 00 03 00 00 00 00 FF 78 00 05 0F 0F 2E 00 00 08 00 00 B2 76 DB C7 F6 0E 02 06 69 99 46 9E 02 00 00 00
5A 78 64 64 96 78 0B 10 1E DC 00 03 00 00 00 00 FF 78 00 05 0F 0F 2E 00 00 06 00 00 F7 76 9B C7 F6 0E C8 06 C9 91 46 DA 03 00 00 00
5B 5A 6A 4D 82 6A 0A 08 03 D7 00 03 00 00 00 00 7F 0A 64 05 0F 0F 12 00 00 05 00 00 30 4E 31 8E 64 1F 02 96 4A E8 46 86 0A 00 00 00
6E A0 6E 64 50 6E 00 00 03 DC 0C 00 00 00 00 00 FF 78 00 05 0F 0F 70 00 00 08 00 00 21 46 9A C7 C2 06 88 0A D8 91 46 82 0A 00 00 00
96 64 78 5A 64 78 07 10 03 DC 03 00 00 00 00 00 FF 78 00 05 0F 0F 2E 00 00 04 00 00 3A 46 DB B7 82 4E 10 37 4B 51 56 B2 0A 00 00 00
78 46 78 55 4B 82 0E 0E 03 D2 00 0C 00 00 00 00 FE 78 64 05 0F 0F 1A 00 00 02 00 00 28 D6 3B B4 01 9E 10 03 2C 31 76 0A 00 00 00 00
50 50 50 50 50 50 0B 0B 1E A5 01 00 00 00 00 00 FF 28 46 05 02 06 5D 00 00 01 00 00 64 32 1B 84 00 0E C0 02 00 10 66 43 05 00 00 00
64 64 64 64 64 64 0B 0B 03 D7 03 00 00 00 00 00 FF 0A 46 05 02 06 5D 00 00 01 00 00 6C F2 1B B4 01 8E D0 02 28 10 66 43 05 00 00 00
46 5A 5A 7D 87 5A 11 11 03 D2 40 02 00 00 00 00 FF 78 00 05 0F 0F 7B 00 00 04 00 00 29 7E 93 F5 CA 2F 89 5B 2B D5 5F 92 0A 00 00 00
64 64 64 64 64 64 0C 0C 2D 40 03 00 9D 00 9D 00 FF 78 64 03 0F 0F 1E 00 00 03 00 00 20 47 3D 94 00 0E 10 02 28 14 66 02 00 00 00 00
78 78 78 78 78 78 00 00 03 FF 03 00 00 00 00 00 FF 78 00 05 0F 0F 79 00 00 07 00 00 7E F7 FF F7 FF 0E 5A 37 EF DD 7F FE 0F 00 00 00
0A 0A 0A 0A 0A 0A 00 00 03 FF 00 00 00 00 00 00 FF 78 00 05 0F 0F 00 00 00 0A 00 00 00 00 00 00 00 00 00 00 00 00 00 00 00 00 00 00
0A 0A 0A 0A 0A 0A 00 00 03 FF 00 00 00 00 00 00 FF 78 00 05 0F 0F 00 00 00 0A 00 00 00 00 00 00 00 00 00 00 00 00 00 00 00 00 00 00
32 B4 14 96 B4 14 0E 0E 03 D7 08 01 00 00 00 00 FF 78 00 05 0F 0F 2E 00 00 00 00 00 2D DE BB F5 C3 8F 99 0B AC 99 7E 9E 02 00 00 00
32 46 A0 5A 46 A0 0E 0E 03 D7 20 04 00 00 00 00 FF 78 00 05 0F 0F 2E 00 00 00 00 00 2D DE BB F5 C3 8F 99 0B AC 99 7E 9E 02 00 00 00
32 5F 5A B4 5F 5A 0E 0E 03 D7 C0 00 00 00 00 00 FF 78 00 05 0F 0F 2E 00 00 00 00 00 2D DE BB F5 C3 8F 99 0B AC 99 7E 9E 02 00 00 00
3C 4F 69 24 3B 55 06 04 2D 9F 20 00 00 00 DE 00 FE 0F 46 00 03 03 6B 00 00 07 00 00 20 46 1B BE 50 BE 00 02 28 30 56 02 00 00 00 00
3C 45 5F 24 45 5F 06 08 2D 9F 10 04 00 00 DE 00 FE 0F 46 00 03 03 6B 00 00 07 00 00 20 46 1B B4 00 BE 00 02 28 3A 56 06 00 00 00 00
96 78 64 5A 78 64 07 10 03 DC 03 00 00 00 00 00 FF 78 00 05 0F 0F 1A 00 00 04 00 00 3A 46 DB B7 82 4E 10 37 4B 51 56 B2 0A 00 00 00
64 67 4B 7F 78 4B 0C 02 2D 40 C0 00 9D 00 9D 00 FF 78 64 03 0F 0F 20 00 00 83 00 00 20 47 3D 94 00 0E 10 02 28 14 66 02 00 00 00 00
32 41 6B 56 69 6B 0D 07 2D 84 40 01 00 00 00 00 FF 14 46 00 0B 0B 1A 00 00 00 00 00 20 86 93 A5 03 2E 01 13 20 51 56 02 00 00 00 00
32 41 6B 56 69 6B 0D 07 2D 84 40 01 00 00 00 00 FF 14 46 00 0B 0B 1A 00 00 00 00 00 20 86 93 A5 03 2E 01 13 20 51 56 02 00 00 00 00
32 41 6B 56 69 6B 0D 07 2D 84 40 01 00 00 00 00 FF 14 46 00 0B 0B 1A 00 00 00 00 00 20 86 93 A5 03 2E 01 13 20 51 56 02 00 00 00 00
32 41 6B 56 69 6B 0D 07 2D 84 40 01 00 00 00 00 FF 14 46 00 0B 0B 1A 00 00 00 00 00 20 86 93 A5 03 2E 01 13 20 51 56 02 00 00 00 00
32 41 6B 56 69 6B 0D 07 2D 84 40 01 00 00 00 00 FF 14 46 00 0B 0B 1A 00 00 00 00 00 20 86 93 A5 03 2E 01 13 20 51 56 02 00 00 00 00