06 20 10 08 04 09 08 00
06 20 10 08 04 09 08 00
06 20 14 08 04 09 0A 00
66 20 00 00 12 00 08 00
66 20 00 00 12 00 08 00
66 A8 04 04 12 02 08 00
1B 25 40 10 00 00 08 00
1B 25 40 10 00 00 08 00
1B 25 64 10 00 00 08 00
00 20 00 00 00 01 04 00
00 00 00 10 00 01 04 00
00 A8 20 04 10 03 04 00
00 00 00 00 00 01 04 00
00 00 00 10 00 01 04 00
04 A8 02 00 14 03 04 00
02 A8 00 04 32 02 00 00
02 A8 00 04 32 02 00 00
02 A8 00 04 32 02 01 00
0A 20 42 40 58 00 08 00
0A 20 42 40 58 00 08 00
02 A8 00 04 12 02 00 00
02 A8 00 04 12 02 01 00
00 74 00 0A 00 00 08 00
00 74 00 0A 00 00 08 00
32 20 21 20 14 00 08 00
32 20 21 20 14 00 08 00
16 20 00 01 54 00 08 00
16 20 00 01 54 00 08 00
02 20 01 00 40 00 08 00
02 20 01 00 40 00 08 00
EE 25 05 01 60 00 08 00
02 20 01 00 48 00 08 00
02 20 01 00 48 00 08 00
EE 25 05 01 68 00 08 00
7A 21 63 C0 05 74 08 00
7A 21 63 C0 05 74 08 00
00 68 40 00 92 20 08 00
00 68 40 00 92 20 08 00
7A 21 03 C0 84 74 08 00
7A 21 03 C0 84 74 08 00
00 A8 40 04 72 02 00 00
00 A8 40 04 72 02 00 00
00 30 10 08 00 08 00 00
00 30 10 08 00 08 00 00
00 30 10 08 00 08 00 00
04 20 10 08 04 09 04 00
04 20 10 08 04 09 04 00
00 20 60 00 10 01 04 00
00 A8 60 04 10 03 04 00
02 20 00 01 08 00 00 00
02 20 00 01 08 00 00 00
0A 60 00 4A 34 00 08 00
0A 60 00 4A 34 00 08 00
0B 25 60 00 10 28 08 00
0F 25 60 00 10 A8 08 00
62 41 87 0A 30 A0 08 00
62 41 87 0A 30 A0 08 00
02 20 01 00 12 00 08 00
02 22 01 00 12 00 08 00
09 20 01 00 00 00 08 00
0B 21 01 00 00 00 08 00
0B 21 81 00 00 00 08 00
60 21 60 00 05 34 08 00
60 21 60 00 05 34 08 00
60 21 60 00 05 34 08 00
E2 21 81 00 00 A0 08 00
E2 21 81 00 00 A0 08 00
E2 21 81 00 00 A0 08 00
00 30 10 08 0C 08 00 00
00 30 10 08 0C 08 00 00
00 30 10 08 0C 08 00 00
09 20 00 00 04 10 00 00
09 20 00 00 04 10 00 00
F2 20 08 01 08 00 0A 00
F2 20 08 01 08 00 0A 00
F6 22 08 01 08 00 0A 00
00 20 00 80 12 00 08 00
00 20 00 80 12 00 08 00
0B 24 60 00 11 10 0A 00
0F 25 60 10 11 10 0A 00
10 20 20 30 10 14 00 00
10 20 20 30 10 14 00 00
06 A8 00 44 36 00 08 00
02 A0 02 00 34 00 00 00
02 A0 02 00 34 00 01 00
09 24 20 00 00 00 08 00
09 24 20 00 00 00 08 00
62 21 00 02 80 00 00 00
62 21 00 02 80 00 02 00
09 20 00 10 10 00 00 00
09 20 20 10 10 00 00 00
68 69 00 00 AD 00 00 00
68 69 00 00 AD 00 00 00
68 69 00 00 AD 20 08 00
12 22 08 05 00 00 0A 00
60 01 60 00 01 B0 08 00
60 01 60 00 01 B0 08 00
8F 20 08 10 04 00 00 00
8F 20 08 10 04 00 00 00
10 20 20 20 18 10 08 00
10 20 20 20 18 10 08 00
10 20 18 08 20 0C 00 00
10 20 58 08 00 8C 08 00
6E 20 02 11 24 80 08 00
6E 20 06 11 24 80 08 00
82 20 81 80 1C A0 08 00
62 21 81 00 10 A0 08 00
7A 25 40 00 04 00 08 00
10 60 00 00 A0 00 00 00
10 60 00 00 A0 00 00 00
9A 64 0A 01 20 00 08 00
FE 65 0E 01 20 00 0A 00
7A 21 43 40 00 44 08 00
00 20 18 08 84 08 08 00
6E 65 07 00 28 80 08 00
09 20 24 84 10 00 08 00
09 20 24 84 10 00 08 00
0F 24 00 80 14 00 00 00
0F 24 00 80 14 00 00 00
19 20 20 04 90 14 00 00
19 20 20 04 91 14 00 00
62 21 61 10 01 30 08 00
04 28 00 00 14 02 0C 00
0A 21 61 00 01 70 08 00
62 21 21 20 10 80 08 00
62 20 01 00 02 80 08 00
84 20 00 10 04 01 08 00
08 62 47 00 20 20 08 00
00 00 00 80 00 00 00 00
09 66 04 84 20 00 08 00
09 26 6C 00 00 40 0A 00
00 00 00 00 00 00 00 00
02 20 01 40 10 40 08 00
0B 24 21 40 10 40 08 00
02 20 21 60 10 40 08 00
82 20 01 40 12 40 08 00
08 20 60 40 91 14 00 00
19 20 08 11 04 00 08 00
19 20 08 11 04 00 08 00
1A 20 08 11 04 00 00 00
9F 24 08 11 04 80 08 00
00 AE 08 05 12 02 09 00
FA 23 44 4A 00 00 0A 00
0A A8 28 04 10 02 01 00
02 A8 28 04 12 02 01 00
02 A8 08 04 12 02 01 00
08 24 04 04 10 00 08 00
08 24 04 04 10 00 08 00
EF AF 04 04 12 02 08 00
6A 25 60 00 11 B4 08 00
FF FF FF FF FF FF 0F 00
06 20 18 08 00 18 08 00
06 20 18 08 00 18 08 00
06 20 1C 08 00 18 08 00
12 20 00 00 12 00 08 00
16 20 00 00 12 00 08 00
76 20 00 00 12 80 08 00
8B 65 08 00 20 80 08 00
8F 61 08 00 20 80 08 00
8F 65 0C 00 20 80 08 00
76 25 01 40 7C 00 08 00
76 25 01 40 7C 00 08 00
02 88 40 04 32 12 00 00
02 88 40 04 32 12 01 00
30 A9 00 00 34 03 0C 00
30 A9 00 00 34 03 0C 00
00 00 20 80 08 01 04 00
00 00 20 80 08 01 04 00
00 A8 40 04 72 02 01 00
09 20 20 80 08 40 00 00
09 24 20 80 08 40 00 00
12 20 21 20 30 00 08 00
1A 20 63 40 21 34 08 00
1A 20 03 C0 A0 74 08 00
12 20 6A 40 31 50 08 00
12 A8 6A 44 13 52 08 00
00 A8 60 04 9B 12 00 00
00 A8 60 04 9B 12 01 00
00 20 20 20 10 40 08 00
60 20 20 20 10 40 08 00
60 20 24 20 10 40 08 00
00 30 10 08 20 08 00 00
9B 25 01 00 14 00 08 00
9B 25 01 00 14 00 08 00
72 21 01 01 08 A0 0A 00
0B 20 01 80 00 00 08 00
00 20 11 88 00 08 08 00
00 20 11 88 00 08 08 00
00 20 11 88 00 08 08 00
66 61 00 CA 34 A0 08 00
00 20 13 09 20 08 00 00
00 20 13 09 20 08 00 00
00 A8 28 00 30 03 0C 00
1B 25 08 01 00 00 08 00
1B 25 08 01 00 00 08 00
02 20 61 40 11 50 08 00
02 60 01 40 18 40 08 00
0A C8 00 04 3A 02 00 00
0F 25 60 10 11 10 0A 00
08 68 00 00 B9 50 08 00
00 00 00 00 00 00 00 00
00 00 00 00 00 00 00 00
02 20 60 00 39 14 08 00
10 20 00 10 80 05 0C 00
10 20 20 30 80 05 0E 00
12 64 4A 40 80 10 08 00
04 24 00 01 14 02 08 00
12 26 08 25 00 00 0A 00
E2 21 00 40 40 C0 08 00
E2 21 00 40 40 C0 08 00
19 24 20 80 90 00 08 00
84 2A 00 10 14 02 0C 00
12 30 09 01 00 01 0C 00
04 20 81 10 04 80 0C 00
0E 61 00 00 14 80 08 00
F6 21 00 4A 10 00 08 00
F6 21 00 4A 30 80 08 00
12 20 08 11 82 00 00 00
12 20 08 11 82 00 00 00
8A 20 0A 01 00 00 08 00
8A 20 0A 01 00 00 08 00
1A 20 0A 01 08 10 08 00
0B 20 20 8A 10 01 00 00
0B 20 20 8A 10 01 00 00
1A 00 20 8A 10 00 09 00
0B A6 21 8A 10 03 08 00
0E A8 00 14 10 02 01 00
02 60 00 00 7A 20 08 00
02 60 00 00 7A 20 08 00
09 22 24 84 10 00 08 00
92 20 0A 0B 04 00 08 00
92 20 0A 9B 04 00 0A 00
08 20 60 40 91 14 00 00
02 60 60 C0 38 24 08 00
00 00 00 00 00 00 00 00
02 20 81 00 30 A0 08 00
12 20 83 04 18 A0 08 00
0A 21 61 00 21 70 00 00
62 21 21 20 30 80 08 00
62 20 01 00 22 00 08 00
7A 23 41 00 00 40 0A 00
7A 21 43 40 00 44 0A 00
02 22 20 20 10 00 08 00
02 22 00 00 12 00 08 00
0B 2A 20 00 10 02 08 00
82 62 08 01 20 00 08 00
82 62 08 11 20 00 08 00
E6 67 0C 01 20 80 0A 00
0B AE 68 05 11 02 09 00
02 AA 68 05 12 02 01 00
02 20 79 49 39 58 00 00
26 20 12 08 10 88 08 00
26 20 12 08 10 88 08 00
26 20 16 08 10 88 08 00
02 20 01 C0 12 00 08 00
66 20 81 C0 12 80 08 00
E6 20 81 C0 16 A0 08 00
9B 24 0A 01 00 80 08 00
9B 25 0A 01 00 80 08 00
9B 25 0E 01 00 80 08 00
02 60 00 00 68 00 08 00
02 60 00 00 68 00 08 00
1E 20 01 4A 51 00 08 00
1E 20 01 4A 51 00 08 00
00 20 00 00 00 01 04 00
00 00 00 10 00 01 04 00
00 A8 20 04 10 03 04 00
00 00 00 10 00 01 04 00
00 A8 20 04 10 03 04 00
08 20 50 08 20 00 08 00
6B 21 50 08 20 00 08 00
6B 21 50 08 20 00 08 00
10 60 10 08 00 08 08 00
16 60 10 08 10 88 08 00
1E E8 10 8C 1C 8A 08 00
02 A8 02 04 12 02 00 00
02 A8 02 04 12 02 01 00
0A A8 00 04 34 02 00 00
0A A8 00 0E 34 02 01 00
6A 21 61 00 91 10 08 00
6A 21 61 00 91 10 08 00
6A 21 61 00 91 50 08 00
0A 20 20 00 10 01 04 00
0A A8 20 04 10 03 04 00
00 20 11 08 00 08 08 00
A6 20 91 08 00 08 08 00
6E 21 00 02 08 00 08 00
6E 01 00 02 28 80 08 00
6E 21 00 02 08 80 0A 00
06 60 00 00 00 01 04 00
06 E8 00 00 30 01 04 00
06 60 00 00 09 01 04 00
7A 21 40 00 20 00 08 00
7A 21 40 00 20 80 08 00
7A 21 44 00 20 80 08 00
E2 21 81 00 04 A0 08 00
E2 23 81 00 04 A0 08 00
1A 20 01 00 34 00 08 00
72 21 08 31 80 14 0A 00
1A 20 41 40 18 40 08 00
1A 20 41 40 18 40 08 00
6E 69 60 00 8D B4 08 00
2A 23 08 30 CC 00 08 00
96 62 0A 31 20 00 08 00
96 62 0A 31 20 00 08 00
FE 67 0E 31 20 80 0A 00
62 21 E1 00 91 B4 08 00
62 21 E1 00 91 B4 08 00
02 20 20 20 10 00 08 00
02 20 20 20 10 00 08 00
32 20 21 60 30 00 08 00
32 20 21 60 30 00 08 00
22 A9 61 00 10 03 04 00
22 A9 41 00 10 03 04 00
06 20 10 08 10 08 00 00
72 31 00 0A 80 00 08 00
72 31 00 0A 80 00 0A 00
0F 60 48 80 70 00 00 00
0F 60 48 80 70 00 00 00
19 20 00 80 00 00 08 00
19 22 00 80 00 00 0A 00
12 20 00 01 02 00 08 00
12 22 00 01 02 00 08 00
12 20 00 11 02 00 08 00
08 20 60 80 11 70 08 00
6A 21 60 80 11 70 08 00
7A 21 41 40 38 A0 08 00
06 20 00 01 00 00 0C 00
06 A8 04 05 12 02 0C 00
66 A8 04 05 12 02 0C 00
26 60 10 08 08 A8 08 00
A6 60 10 08 08 A8 08 00
02 A8 04 04 32 42 00 00
02 A8 04 04 32 42 01 00
7E 21 02 40 14 80 08 00
06 24 00 00 1C 00 08 00
10 22 69 01 90 14 00 00
10 22 69 11 90 14 00 00
0B 24 00 81 00 00 08 00
0B 24 40 81 00 00 08 00
8E 60 0A 10 04 00 00 00
8F 60 0A 10 14 00 00 00
02 20 68 01 01 14 08 00
02 20 68 01 01 14 08 00
02 30 18 09 80 09 00 00
02 30 18 09 80 09 0A 00
06 20 08 11 04 01 08 00
86 24 08 11 04 81 0A 00
09 20 00 00 10 00 00 00
0B 26 00 04 10 10 00 00
08 28 00 40 10 02 00 00
7E 25 08 40 1D B0 08 00
08 48 00 00 8D 30 08 00
0A 48 00 00 8D 30 08 00
08 68 00 00 89 04 08 00
6A 69 00 00 89 04 08 00
06 A8 14 04 00 0A 08 00
18 20 61 40 25 54 00 00
8E 60 40 80 1C 30 08 00
00 00 00 00 00 00 00 00
18 60 00 00 00 00 0A 00
18 62 20 00 40 00 0A 00
1B 24 20 00 40 00 08 00
1B 24 20 00 40 00 08 00
1F 26 20 00 40 00 0A 00
09 20 00 10 00 00 00 00
0B 24 00 80 58 00 00 00
0B 24 20 80 10 00 00 00
0B 24 08 81 00 00 08 00
09 20 00 80 10 00 00 00
06 20 44 04 00 00 08 00
16 20 44 14 00 00 08 00
16 AC 44 04 12 02 08 00
00 02 40 10 00 00 08 00
3E 23 60 30 11 04 08 00
3E 23 60 30 11 04 0A 00
F2 23 08 01 00 04 0A 00
BA 23 28 00 00 04 0A 00
B2 23 08 30 00 04 0A 00
0F 20 45 44 19 32 00 00
0F 20 45 44 11 12 00 00
0B 26 28 00 30 00 0A 00
76 22 08 01 30 00 0A 00
0F 26 0C 05 30 02 08 00
6A 23 69 50 31 14 08 00
6A 21 60 00 15 B4 08 00
82 20 10 09 00 08 08 00
82 20 10 09 00 08 08 00
82 22 14 09 00 08 0A 00
72 20 83 02 32 A0 08 00
72 20 83 02 12 A0 08 00
72 20 83 02 12 A0 08 00
0B 20 20 00 00 00 08 00
0B 20 20 00 00 00 08 00
0F 20 20 10 04 00 08 00
02 A8 02 04 12 02 00 00
02 A8 02 04 12 02 00 00
02 A8 02 04 12 02 01 00
9E 24 00 40 50 00 08 00
9F 24 00 40 50 00 08 00
02 20 02 00 20 01 04 00
06 20 02 00 24 01 04 00
06 20 20 20 10 00 08 00
06 20 20 20 10 00 08 00
86 20 20 20 10 00 08 00
02 20 10 08 30 08 00 00
06 20 10 08 10 08 00 00
E2 62 4A 01 20 00 08 00
E2 62 4E 01 A0 00 08 00
02 22 08 31 00 00 08 00
02 22 0C 31 00 10 0A 00
00 20 00 00 00 01 04 00
00 20 32 08 28 09 04 00
02 A8 20 04 10 03 04 00
02 A8 02 00 10 03 04 00
06 A8 22 00 10 03 04 00
32 20 01 6A 70 00 08 00
0B 21 00 00 10 00 08 00
0B 25 00 00 10 80 08 00
10 20 11 08 00 08 00 00
10 20 11 08 00 08 00 00
0B 20 08 01 80 01 08 00
0B 20 08 01 80 01 0A 00
66 61 00 CA 34 A0 08 00
1A E8 00 00 9D 12 00 00
1A E8 00 00 9D 12 00 00
02 20 03 C0 30 D0 08 00
66 21 03 C0 30 D0 08 00
08 68 00 00 B9 50 08 00
82 C8 00 04 3A 02 01 00
06 20 00 40 5C 00 08 00
16 20 00 40 5C 00 08 00
18 20 61 40 35 54 00 00
06 20 00 00 18 00 08 00
06 20 00 00 18 00 08 00
10 20 28 00 01 04 00 00
10 22 68 00 01 04 02 00
10 20 01 01 28 A0 0A 00
02 20 21 00 21 30 08 00
1A 20 43 40 20 44 08 00
02 A8 00 04 32 22 01 00
08 68 00 00 A9 00 00 00
06 22 04 05 10 00 08 00
06 22 04 05 10 00 08 00
06 26 04 05 10 00 08 00
FA 21 40 4A 20 00 08 00
26 21 C1 30 10 A0 08 00
26 21 C1 30 10 A0 08 00
82 20 00 01 00 00 08 00
82 22 00 01 00 00 08 00
06 24 00 00 04 00 0C 00
06 24 00 00 04 00 0C 00
2E 61 81 82 4C A0 08 00
2E 61 81 82 4C A0 08 00
06 30 10 08 04 08 04 00
09 AC 00 84 10 02 00 00
09 AC 00 84 10 02 00 00
0B A0 01 80 10 00 08 00
0A 21 10 08 00 28 08 00
0A 21 14 08 00 28 0A 00
0E 61 00 00 14 80 08 00
10 22 20 30 10 14 00 00
7A 25 40 00 04 00 0A 00
FE 67 0E 01 20 00 0A 00
02 20 18 08 84 08 0A 00
62 21 21 20 10 80 08 00
62 20 01 00 02 80 08 00
12 A8 6A 44 13 52 09 00
02 A8 28 00 30 03 0C 00
06 20 11 48 14 48 08 00
0A 24 21 40 10 40 08 00
06 24 00 01 14 02 09 00
8E 22 0A 01 04 00 0A 00
08 20 60 40 B1 14 00 00
66 21 E1 00 95 90 08 00
72 23 08 31 80 14 0A 00
6A 69 00 00 89 04 08 00
1A 69 20 00 89 00 0A 00
02 68 20 00 B9 00 00 00
62 21 61 00 15 70 08 00
62 21 61 00 15 30 08 00
62 21 61 40 35 30 08 00
06 22 0C 35 10 04 08 00
07 24 0C 05 10 04 08 00
02 22 08 11 22 00 0C 00
EA 23 48 01 00 04 0A 00
0E EE 0C 05 90 04 08 00
0E 20 61 00 11 14 00 00
0B 20 29 C0 34 40 00 00
0B 20 29 C0 34 40 00 00
0A 68 00 40 1D 00 08 00
02 20 52 49 10 08 08 00
0F 2E 6C 55 13 16 08 00
82 20 60 00 01 B4 08 00
02 20 60 10 05 B4 08 00
02 20 60 00 15 B4 08 00
12 20 22 01 28 01 04 00
00 22 22 32 28 01 04 00
0E EE 0C 05 10 16 08 00
02 A8 50 48 10 0A 08 00
02 68 20 00 B9 00 00 00
02 68 20 00 B9 00 00 00
02 68 20 00 B9 00 00 00
02 68 20 00 B9 00 00 00
02 68 20 00 B9 00 00 00