0000
00E7
00E8
00E9
00EA
00EB
00EC
00ED
00EE
00EF
0018
0019
001A
001B
001C
001D
000A
000B
000C
0011
0012
000D
000E
0032
0033
0016
0017
0030
0031
005F
0060
0061
0062
0063
0064
0029
002A
007F
0080
002C
002D
0025
0026
0053
0054
0055
0046
0047
006D
006E
0086
0087
008A
008B
008C
008D
0088
0089
0081
0082
0048
0049
004A
0059
005A
005B
008E
008F
0090
0040
0041
0042
00A4
00A5
0022
0023
0024
00CE
00CF
0050
0051
0077
0078
00A0
00CC
00CD
00B2
00B3
0075
0076
00AB
00AC
003A
003B
003C
003E
0057
0058
00A6
00A7
0079
007A
0069
006A
00D0
00D1
0092
0093
00B4
0073
0074
00D3
00D4
00DE
00B6
00D2
00BE
00BF
004E
004F
00A9
00AA
009E
006F
009B
009D
0099
0071
0096
004C
004D
00E0
005C
00B8
00B9
00BA
00BB
00DC
00E1
00E2
00E3
00E4
00E5
00E6
00F0
00F1
00F2
00F6
00F7
00F8
00FE
00FF
0001
0002
0003
0004
0005
0006
0007
0008
0009
0013
0014
000F
0010
001E
001F
0020
0021
0027
00B0
00B1
0015
0028
002B
002E
002F
00A1
00A2
0035
0036
0037
0056
0084
0085
006B
004B
0043
0044
0045
007B
0067
0068
0065
0038
0039
00BC
00BD
00D5
0052
00DB
003D
006C
0095
005D
005E
0034
00C1
003F
007D
007E
00A3
0070
00A8
0072
00DA
00C6
00C7
00D8
00D9
00C3
00C4
00AD
00AE
00AF
00C2
00CA
00CB
00D6
00D7
00C0
00C8
00C9
00DD
0083
009F
0091
0094
009A
009C
0098
0097
00DF
00F3
00F4
00F5
00F9
00FA
00FB
00FC
00FD
0100
0000
0000
0000
0000
0000
0000
0000
0000
0000
0000
0000
0000
0000
0000
0000
0000
0000
0000
0000
0000
0000
0000
0000
0000
0000
0000
0000
0000
0000
0000
0000
0000
0000
0000
0000
0000
0000
0000
0000
0000
0000
0000
0000
0000
0000
0000
0000
0000
0000
0000
0000
0000
0000
0000
0000
0000
0000
0000
0000
0000
0000
0000
0000
0000
0000
0000
0000
0000
0000
0000
0000
0000
0000
0000
0000
0000
0000
0000
0000
0000
0000
0000
0000
0000
0000
0000
0000
0000
0000
0000
0000
0000
0000
0000
0000
0000
0000
0000
0000
0000
0000
0000
0000
0000
0000
0000
0000
0000
0000
0000
0000
0000
0000
0000
0000
0000
0000
0000
0000
0000
0000
0000
0000
0000
0000
0000
0000
0000
0000
0000
0000
0000
0000
0000
0000
0000
0000
0000
0000
0000
0000
0000
0000
0000
0000
0000
0000
0000
0000
0000
0000
0000
0000
0000
0000
0000
0000
0000
0000
0000
0000
0000
0000
0000
0000
0000
0000
0000
0000
0000
0000
0000
007C
0000
0000
0000
0000
0000
0000
0000
0000
0000
0000
0000
0000
0000
0000
0000
0000
0000
0000
0000
0000
0000
0000
0000
0000
0000
0000
0000
0000
0000
0000
0000
0000
0000
0000
0000
0000
0000
0000
00B5
0000
00B7
0000
0000
0000
0066
0000
0000
0000
00C5
0000
0000
0000
0000
0000
0000
0000
0000
0000
0000
0000
0000
0000
0000
0000
0000
0000
0000
0000
0000
